           1   309.914642    
           2   252.384338    
           3   219.986389    
           4   198.598343    
           5   181.916901    
           6   167.525604    
           7   155.104919    
           8   144.203705    
           9   134.701920    
          10   126.172180    
          11   118.299232    
          12   110.956360    
          13   104.095093    
          14   97.5948944    
          15   91.4817505    
          16   85.7290344    
          17   80.2547073    
          18   75.0355301    
          19   70.0547714    
          20   65.3088760    
          21   60.7873802    
          22   56.4842796    
          23   52.3910675    
          24   48.4983864    
          25   44.8096695    
          26   41.3161507    
          27   38.0109749    
          28   34.8913231    
          29   31.9553261    
          30   29.2116604    
          31   26.7062187    
          32   24.6911411    
          33   23.1293640    
          34   21.3852463    
          35   19.8610573    
          36   18.4768181    
          37   17.2227325    
          38   16.0792885    
          39   15.0502205    
          40   14.1170664    
          41   13.2679625    
          42   12.4946632    
          43   11.7901945    
          44   11.1474342    
          45   10.5570221    
          46   10.0122595    
          47   9.50713253    
          48   9.03742313    
          49   8.59905338    
          50   8.18842125    
          51   7.80264330    
          52   7.43861437    
          53   7.09462023    
          54   6.76832771    
          55   6.45840645    
          56   6.16332674    
          57   5.88190031    
          58   5.61309958    
          59   5.35608387    
          60   5.11007452    
          61   4.87651682    
          62   4.70102167    
          63   4.49184179    
          64   4.30688190    
          65   4.12806702    
          66   3.95989275    
          67   3.80011296    
          68   3.64812064    
          69   3.50345302    
          70   3.36576915    
          71   3.23465204    
          72   3.10979819    
          73   2.99061084    
          74   2.87689304    
          75   2.76848149    
          76   2.66480613    
          77   2.56589103    
          78   2.47129345    
          79   2.38089252    
          80   2.29435015    
          81   2.21158028    
          82   2.13222075    
          83   2.05632710    
          84   1.98351979    
          85   1.91370618    
          86   1.84691346    
          87   1.78275180    
          88   1.72112095    
          89   1.66204643    
          90   1.60529268    
          91   1.55069458    
          92   1.49826515    
          93   1.44788873    
          94   1.39945018    
          95   1.35278332    
          96   1.30792427    
          97   1.26477039    
          98   1.22327876    
          99   1.18329477    
         100   1.14475000    
         101   1.10760415    
         102   1.07183039    
         103   1.03742254    
         104   1.00409555    
         105  0.972016156    
         106  0.941147566    
         107  0.911315620    
         108  0.882575929    
         109  0.854809582    
         110  0.827978432    
         111  0.802086115    
         112  0.777084887    
         113  0.752945900    
         114  0.729662180    
         115  0.707059443    
         116  0.685338795    
         117  0.664288521    
         118  0.643895805    
         119  0.624302566    
         120  0.605324388    
         121  0.586955667    
         122  0.569130182    
         123  0.551903427    
         124  0.535350442    
         125  0.519263923    
         126  0.503662586    
         127  0.488575697    
         128  0.473986924    
         129  0.459861368    
         130  0.446218491    
         131  0.433021694    
         132  0.420152694    
         133  0.407806009    
         134  0.395692229    
         135  0.384074271    
         136  0.372790575    
         137  0.361900598    
         138  0.351308465    
         139  0.341061771    
         140  0.331063330    
         141  0.321474373    
         142  0.312095404    
         143  0.303096145    
         144  0.294341445    
         145  0.285868794    
         146  0.277577609    
         147  0.269620717    
         148  0.261806428    
         149  0.254333168    
         150  0.247065350    
         151  0.239988908    
         152  0.233074680    
         153  0.226477817    
         154  0.220031619    
         155  0.213790253    
         156  0.207660913    
         157  0.201710314    
         158  0.196066782    
         159  0.190498397    
         160  0.185134873    
         161  0.179956645    
         162  0.174834222    
         163  0.169969708    
         164  0.165130526    
         165  0.160457239    
         166  0.156030416    
         167  0.151634216    
         168  0.147439092    
         169  0.143284932    
         170  0.139310330    
         171  0.135387942    
         172  0.131597698    
         173  0.127962306    
         174  0.124353655    
         175  0.120977916    
         176  0.117569000    
         177  0.114329048    
         178  0.111172803    
         179  0.108107425    
         180  0.105130047    
         181  0.102215968    
         182   9.94315296E-02
         183   9.66795310E-02
         184   9.40705463E-02
         185   9.14400592E-02
         186   8.89743418E-02
         187   8.64543542E-02
         188   8.41561183E-02
         189   8.18060040E-02
         190   7.95382932E-02
         191   7.73682296E-02
         192   7.52722099E-02
         193   7.32359812E-02
         194   7.11946860E-02
         195   6.92390576E-02
         196   6.73687309E-02
         197   6.55508861E-02
         198   6.37910292E-02
         199   6.20654300E-02
         200   6.03755713E-02
         201   5.87403364E-02
         202   5.72060943E-02
         203   5.56071326E-02
         204   5.40847220E-02
         205   5.26457466E-02
         206   5.12324087E-02
         207   4.98296320E-02
         208   4.84487489E-02
         209   4.71598841E-02
         210   4.58566956E-02
         211   4.46251370E-02
         212   4.34172153E-02
         213   4.22181413E-02
         214   4.11882661E-02
         215   4.00864296E-02
         216   3.89546379E-02
         217   3.79028507E-02
         218   3.69329304E-02
         219   3.59036587E-02
         220   3.49083245E-02
         221   3.40375565E-02
         222   3.30609195E-02
         223   3.21809687E-02
         224   3.13477665E-02
         225   3.05697527E-02
         226   2.97608580E-02
         227   2.89861113E-02
         228   2.81696226E-02
         229   2.74674445E-02
         230   2.67284792E-02
         231   2.59624347E-02
         232   2.52648126E-02
         233   2.45931838E-02
         234   2.39576492E-02
         235   2.33739205E-02
         236   2.27302741E-02
         237   2.21694242E-02
         238   2.15551667E-02
         239   2.09682044E-02
         240   2.04544719E-02
         241   1.99009199E-02
         242   1.93796344E-02
         243   1.88376922E-02
         244   1.83263421E-02
         245   1.78474300E-02
         246   1.73665471E-02
         247   1.68668907E-02
         248   1.64722838E-02
         249   1.59912948E-02
         250   1.56152397E-02
         251   1.51750371E-02
         252   1.48123167E-02
         253   1.44203575E-02
         254   1.40455784E-02
         255   1.36320041E-02
         256   1.32878227E-02
         257   1.29549345E-02
         258   1.26658371E-02
         259   1.22670699E-02
         260   1.19489729E-02
         261   1.16602564E-02
         262   1.13981068E-02
         263   1.10444007E-02
         264   1.07418271E-02
         265   1.04963258E-02
         266   1.02133751E-02
         267   9.94192529E-03
         268   9.69121885E-03
         269   9.42916237E-03
         270   9.22083762E-03
         271   8.95152055E-03
         272   8.71290267E-03
         273   8.52094404E-03
         274   8.30054749E-03
         275   8.08219984E-03
         276   7.87822995E-03
         277   7.69239804E-03
         278   7.54896970E-03
         279   7.29590375E-03
         280   7.10166292E-03
         281   6.89958967E-03
         282   6.73831301E-03
         283   6.54059835E-03
         284   6.41285861E-03
         285   6.21364359E-03
         286   6.04424300E-03
         287   5.89855295E-03
         288   5.76062128E-03
         289   5.63139748E-03
         290   5.43463835E-03
         291   5.34732500E-03
         292   5.19985566E-03
         293   5.06289862E-03
         294   4.97416314E-03
         295   4.83910413E-03
         296   4.68693022E-03
         297   4.55976091E-03
         298   4.44913562E-03
         299   4.34099371E-03
         300   4.25601332E-03
         301   4.13354160E-03
         302   4.02737362E-03
         303   3.92188923E-03
         304   3.81420692E-03
         305   3.73711949E-03
         306   3.64302099E-03
         307   3.53969284E-03
         308   3.47889750E-03
         309   3.38164368E-03
         310   3.31195397E-03
         311   3.22642876E-03
         312   3.14079388E-03
         313   3.05373431E-03
         314   3.00623872E-03
         315   2.90981098E-03
         316   2.83937412E-03
         317   2.78322119E-03
         318   2.70818360E-03
         319   2.65309983E-03
         320   2.58037238E-03
         321   2.50956416E-03
         322   2.43221736E-03
         323   2.38934299E-03
         324   2.36794609E-03
         325   2.30866647E-03
         326   2.22133868E-03
         327   2.17134226E-03
         328   2.11174274E-03
         329   2.10779696E-03
         330   2.05039792E-03
         331   1.99805736E-03
         332   1.95693062E-03
         333   1.89985742E-03
         334   1.84196408E-03
         335   1.81678776E-03
         336   1.77745009E-03
         337   1.71647035E-03
         338   1.67903013E-03
         339   1.63844903E-03
         340   1.60465110E-03
         341   1.55489543E-03
         342   1.52822735E-03
         343   1.50193495E-03
         344   1.44644279E-03
         345   1.40704087E-03
         346   1.40734657E-03
         347   1.36314821E-03
         348   1.31148275E-03
         349   1.29981502E-03
         350   1.28709828E-03
         351   1.22471189E-03
         352   1.20299740E-03
         353   1.17794739E-03
         354   1.14815996E-03
         355   1.12972781E-03
         356   1.13794627E-03
         357   1.07497093E-03
         358   1.04948319E-03
         359   1.04695652E-03
         360   9.91528039E-04
         361   1.00115687E-03
         362   9.63700411E-04
         363   9.66824417E-04
         364   9.41674749E-04
         365   9.36068769E-04
         366   8.87664617E-04
         367   8.71425902E-04
         368   8.59433727E-04
         369   8.28221149E-04
         370   8.03369388E-04
         371   8.14412953E-04
         372   8.00971873E-04
         373   7.77087873E-04
         374   7.71260529E-04
         375   7.44511897E-04
         376   7.34801055E-04
         377   7.19268515E-04
         378   7.06955616E-04
         379   6.75312825E-04
         380   6.73890812E-04
         381   6.70491951E-04
         382   6.77308999E-04
         383   6.26407913E-04
         384   6.34763041E-04
         385   6.26888999E-04
         386   6.11312338E-04
         387   5.96322701E-04
         388   5.90740994E-04
         389   5.90421201E-04
         390   5.63299574E-04
         391   5.51836332E-04
         392   5.60798799E-04
         393   5.45242627E-04
         394   5.20485104E-04
         395   5.25026524E-04
         396   5.10828977E-04
         397   4.86281177E-04
         398   4.92136809E-04
         399   4.91705781E-04
         400   4.61393152E-04
         401   4.46413993E-04
         402   4.52325388E-04
         403   4.47937695E-04
         404   4.39626921E-04
         405   4.38233488E-04
         406   4.33584617E-04
         407   4.06693172E-04
         408   4.20223747E-04
         409   4.00718709E-04
         410   4.21068398E-04
         411   4.07689979E-04
         412   4.00299992E-04
         413   3.77740158E-04
         414   3.72520037E-04
         415   3.64174892E-04
         416   3.58724530E-04
         417   3.47199646E-04
         418   3.50531482E-04
         419   3.42546438E-04
         420   3.37754551E-04
         421   3.60286096E-04
         422   3.48592439E-04
         423   3.32150492E-04
         424   3.33651027E-04
         425   3.14583594E-04
         426   3.25497473E-04
         427   3.21055646E-04
         428   3.18847946E-04
         429   3.20068939E-04
         430   3.04340065E-04
         431   2.97187711E-04
         432   3.08071234E-04
         433   2.98267027E-04
         434   2.97783903E-04
         435   2.85215705E-04
         436   2.79574248E-04
         437   2.84258567E-04
         438   2.75100057E-04
         439   2.67480267E-04
         440   2.70274788E-04
         441   2.56443920E-04
         442   2.89629766E-04
         443   2.55791121E-04
         444   2.47293065E-04
         445   2.50224926E-04
         446   2.59486929E-04
         447   2.58577522E-04
         448   2.52089958E-04
         449   2.35040367E-04
         450   2.49449397E-04
         451   2.29577199E-04
         452   2.23545183E-04
         453   2.23620387E-04
         454   2.28533216E-04
         455   2.20120492E-04
         456   2.29124096E-04
         457   2.29083933E-04
         458   2.34466133E-04
         459   2.16088432E-04
         460   2.35610773E-04
         461   2.17722467E-04
         462   2.10934100E-04
         463   2.05089324E-04
         464   2.15204040E-04
         465   2.01188508E-04
         466   2.01324903E-04
         467   2.03202624E-04
         468   2.04070981E-04
         469   2.14676329E-04
         470   2.28146760E-04
         471   2.05348100E-04
         472   2.16709290E-04
         473   1.95530491E-04
         474   2.06123557E-04
         475   2.04374010E-04
         476   1.90825711E-04
         477   1.88032034E-04
         478   2.07741672E-04
         479   1.95923785E-04
         480   1.91709274E-04
         481   2.06065015E-04
         482   2.06195022E-04
         483   1.98221634E-04
         484   2.04696000E-04
         485   1.95509172E-04
         486   1.84362041E-04
         487   1.82438351E-04
         488   1.80199146E-04
         489   1.92530817E-04
         490   2.03839038E-04
         491   1.92963387E-04
         492   2.04751923E-04
         493   1.85282508E-04
         494   2.22173549E-04
         495   1.77335955E-04
         496   1.75669120E-04
         497   1.81509211E-04
         498   1.77017486E-04
         499   1.71948064E-04
         500   1.66509402E-04
         501   1.77750277E-04
         502   1.74335975E-04
         503   1.77479335E-04
         504   1.67980746E-04
         505   1.73341308E-04
         506   1.89208222E-04
         507   1.77051668E-04
         508   1.71947482E-04
         509   1.64271900E-04
         510   1.66171667E-04
         511   1.78451432E-04
         512   1.78549002E-04
         513   1.74469737E-04
         514   1.64369878E-04
         515   1.65295234E-04
         516   1.58483032E-04
         517   1.72960048E-04
         518   1.65806341E-04
         519   1.59535368E-04
         520   1.66476224E-04
         521   1.61989519E-04
         522   1.65273203E-04
         523   1.61458142E-04
         524   1.58698473E-04
         525   1.66051206E-04
         526   1.83390512E-04
         527   1.68582032E-04
         528   1.62167489E-04
         529   1.63438075E-04
         530   1.70330532E-04
         531   1.73630440E-04
         532   1.63172605E-04
         533   1.68344341E-04
         534   1.68494327E-04
         535   1.66779442E-04
         536   1.57540097E-04
         537   1.68440281E-04
         538   1.66261249E-04
         539   1.64658064E-04
         540   1.75027672E-04
         541   1.63279939E-04
         542   1.63453515E-04
         543   1.71526786E-04
         544   1.61595977E-04
         545   1.71920517E-04
         546   1.58355469E-04
         547   1.58960640E-04
         548   1.62422439E-04
         549   1.55891379E-04
         550   1.59187199E-04
         551   1.60062817E-04
         552   1.68040380E-04
         553   1.82024043E-04
         554   1.86833873E-04
         555   1.69221676E-04
         556   1.63450706E-04
         557   1.66367696E-04
         558   1.62743439E-04
         559   1.61710544E-04
         560   1.55620044E-04
         561   1.68399070E-04
         562   1.64656871E-04
         563   1.62393015E-04
         564   1.67814476E-04
         565   1.67081409E-04
         566   1.73631648E-04
         567   1.75892288E-04
         568   1.55163856E-04
         569   1.86163525E-04
         570   1.62758428E-04
         571   1.68553044E-04
         572   1.58186172E-04
         573   1.54229987E-04
         574   1.55485046E-04
         575   1.56618218E-04
         576   1.72919041E-04
         577   1.69541032E-04
         578   1.74598317E-04
         579   1.61521210E-04
         580   1.59347037E-04
         581   1.81504962E-04
         582   1.63976263E-04
         583   1.56013673E-04
         584   1.59645948E-04
         585   1.64752710E-04
         586   1.51152504E-04
         587   1.59875068E-04
         588   1.55346410E-04
         589   1.58769966E-04
         590   1.80691160E-04
         591   1.54623689E-04
         592   1.56512484E-04
         593   1.66022655E-04
         594   1.55886562E-04
         595   1.53628163E-04
         596   1.55914633E-04
         597   1.48608480E-04
         598   1.68000741E-04
         599   1.52470238E-04
         600   1.69566469E-04
         601   1.77442766E-04
         602   1.87095706E-04
         603   1.77616515E-04
         604   1.70483210E-04
         605   1.65769656E-04
         606   1.78175062E-04
         607   1.73239547E-04
         608   1.76337227E-04
         609   1.73128981E-04
         610   1.56205264E-04
         611   1.78181072E-04
         612   1.61907199E-04
         613   1.52397217E-04
         614   1.74285233E-04
         615   1.69622974E-04
         616   1.68809245E-04
         617   1.52190871E-04
         618   1.63573393E-04
         619   1.73946100E-04
         620   1.76086571E-04
         621   1.75211550E-04
         622   1.62590339E-04
         623   1.77093156E-04
         624   1.84757722E-04
         625   1.60514392E-04
         626   1.61428063E-04
         627   1.79707189E-04
         628   1.65097197E-04
         629   1.69457766E-04
         630   1.67156308E-04
         631   1.70613101E-04
         632   1.66526923E-04
         633   1.63731922E-04
         634   1.68576531E-04
         635   1.58482188E-04
         636   1.54777576E-04
         637   1.68022336E-04
         638   1.63791919E-04
         639   1.77728973E-04
         640   1.58280978E-04
         641   1.64127501E-04
         642   1.56060763E-04
         643   1.57422095E-04
         644   1.74793138E-04
         645   1.55727874E-04
         646   1.60528172E-04
         647   1.47951345E-04
         648   1.52586290E-04
         649   1.60106094E-04
         650   1.48203733E-04
         651   1.69639927E-04
         652   1.57434159E-04
         653   1.75756199E-04
         654   1.50039574E-04
         655   1.50253050E-04
         656   1.52156121E-04
         657   1.49892498E-04
         658   1.75035893E-04
         659   1.68265426E-04
         660   1.65422389E-04
         661   1.49939529E-04
         662   1.74006957E-04
         663   1.66708924E-04
         664   1.64456695E-04
         665   1.63616700E-04
         666   1.51383312E-04
         667   1.54540758E-04
         668   1.46291350E-04
         669   1.55920483E-04
         670   1.55395435E-04
         671   1.67648832E-04
         672   1.58553783E-04
         673   1.58501411E-04
         674   1.47095983E-04
         675   1.52994660E-04
         676   1.65777368E-04
         677   1.68828847E-04
         678   1.74236760E-04
         679   1.88170903E-04
         680   1.63720455E-04
         681   1.53820467E-04
         682   1.59091971E-04
         683   1.58860625E-04
         684   1.53888788E-04
         685   1.58355309E-04
         686   1.54443624E-04
         687   1.53834437E-04
         688   1.53162211E-04
         689   1.57183182E-04
         690   1.52718800E-04
         691   1.70706058E-04
         692   1.53404908E-04
         693   1.79967130E-04
         694   1.56877068E-04
         695   1.53353976E-04
         696   1.54338908E-04
         697   1.59343806E-04
         698   1.58411858E-04
         699   1.45116821E-04
         700   1.55734058E-04
         701   1.71371823E-04
         702   1.62370940E-04
         703   1.61658201E-04
         704   1.53994115E-04
         705   1.48497900E-04
         706   1.63353339E-04
         707   1.67289589E-04
         708   1.57231319E-04
         709   1.58639581E-04
         710   1.52931156E-04
         711   1.66164536E-04
         712   1.64511293E-04
         713   1.62482611E-04
         714   1.59369025E-04
         715   1.62383003E-04
         716   1.67073638E-04
         717   1.53051893E-04
         718   1.55591231E-04
         719   1.50066509E-04
         720   1.59110656E-04
         721   1.56439564E-04
         722   1.57087547E-04
         723   1.56105933E-04
         724   1.61916643E-04
         725   1.77827635E-04
         726   1.77483642E-04
         727   1.55003989E-04
         728   1.60112395E-04
         729   1.66692873E-04
         730   1.73908003E-04
         731   1.61967298E-04
         732   1.76905727E-04
         733   1.56864626E-04
         734   1.66154117E-04
         735   1.57202725E-04
         736   1.50128864E-04
         737   1.54880399E-04
         738   1.60908196E-04
         739   1.76008878E-04
         740   1.59918840E-04
         741   1.76894027E-04
         742   1.45514641E-04
         743   1.57739123E-04
         744   1.67087084E-04
         745   1.57977251E-04
         746   1.60181196E-04
         747   1.68157931E-04
         748   1.61276126E-04
         749   1.53710105E-04
         750   1.62552213E-04
         751   1.76550937E-04
         752   1.72546774E-04
         753   1.69129431E-04
         754   1.56927374E-04
         755   1.56161143E-04
         756   1.61522184E-04
         757   1.71670108E-04
         758   1.64846642E-04
         759   1.63565142E-04
         760   1.64009965E-04
         761   1.74855115E-04
         762   1.70000392E-04
         763   1.71907683E-04
         764   1.77564914E-04
         765   1.68883445E-04
         766   1.76824411E-04
         767   1.75697118E-04
         768   1.61556483E-04
         769   1.61514356E-04
         770   1.83123790E-04
         771   1.67162172E-04
         772   1.81687545E-04
         773   1.78366754E-04
         774   1.74311121E-04
         775   1.73836437E-04
         776   1.83959142E-04
         777   1.71059277E-04
         778   1.62599914E-04
         779   1.73099237E-04
         780   1.54360343E-04
         781   1.72694461E-04
         782   1.63209930E-04
         783   1.63085148E-04
         784   1.60821859E-04
         785   1.51585846E-04
         786   1.75129666E-04
         787   1.68883387E-04
         788   1.60189200E-04
         789   1.62218959E-04
         790   1.71650623E-04
         791   1.73868713E-04
         792   1.57186267E-04
         793   1.58657567E-04
         794   1.66169557E-04
         795   1.57211194E-04
         796   1.54215712E-04
         797   1.64287179E-04
         798   1.65517617E-04
         799   1.57454429E-04
         800   1.78160699E-04
         801   1.62396813E-04
         802   1.59015341E-04
         803   1.74866131E-04
         804   1.71836567E-04
         805   1.62936893E-04
         806   1.57624410E-04
         807   1.67409482E-04
         808   1.77870563E-04
         809   1.58019422E-04
         810   1.67455131E-04
         811   1.78978473E-04
         812   1.65559075E-04
         813   1.63636680E-04
         814   1.71246575E-04
         815   1.75364796E-04
         816   1.79739203E-04
         817   1.68843151E-04
         818   1.68417813E-04
         819   1.68079321E-04
         820   1.61058619E-04
         821   1.74663001E-04
         822   1.70143045E-04
         823   1.74649293E-04
         824   1.67474675E-04
         825   1.76220216E-04
         826   1.69897452E-04
         827   1.59929594E-04
         828   1.79298382E-04
         829   1.75023873E-04
         830   1.60499912E-04
         831   1.58305586E-04
         832   1.67402541E-04
         833   1.74786284E-04
         834   1.91529325E-04
         835   1.96317706E-04
         836   1.70115018E-04
         837   1.79106588E-04
         838   1.71556560E-04
         839   1.73698922E-04
         840   1.73973196E-04
         841   1.93019601E-04
         842   1.78345566E-04
         843   1.78780945E-04
         844   1.76454021E-04
         845   1.72173954E-04
         846   1.72208020E-04
         847   1.84999386E-04
         848   1.86217774E-04
         849   1.81154654E-04
         850   1.72977147E-04
         851   1.68900311E-04
         852   1.69147810E-04
         853   1.74956847E-04
         854   2.01065690E-04
         855   1.77581198E-04
         856   1.71889653E-04
         857   1.82252581E-04
         858   1.86268633E-04
         859   1.63974983E-04
         860   1.85006458E-04
         861   1.91858635E-04
         862   1.81380718E-04
         863   1.64798505E-04
         864   1.56650873E-04
         865   1.70737214E-04
         866   1.68516504E-04
         867   1.94475520E-04
         868   1.75857262E-04
         869   1.93947330E-04
         870   1.72095039E-04
         871   1.61388656E-04
         872   1.67301696E-04
         873   1.63052042E-04
         874   1.71951746E-04
         875   1.79528724E-04
         876   1.76191024E-04
         877   1.77768772E-04
         878   1.76749789E-04
         879   1.70664673E-04
         880   1.64955112E-04
         881   1.80667688E-04
         882   1.70211089E-04
         883   1.68997678E-04
         884   1.78621951E-04
         885   1.72503176E-04
         886   1.62552722E-04
         887   1.80871008E-04
         888   1.72413173E-04
         889   1.62614044E-04
         890   1.75049427E-04
         891   1.63948382E-04
         892   1.71197142E-04
         893   1.66304148E-04
         894   1.84112243E-04
         895   1.75688605E-04
         896   1.64039549E-04
         897   1.60298528E-04
         898   1.64562720E-04
         899   1.73645341E-04
         900   1.69272564E-04
         901   1.61081145E-04
         902   1.75576773E-04
         903   1.62225522E-04
         904   1.85427576E-04
         905   1.55451402E-04
         906   1.70537285E-04
         907   1.62772732E-04
         908   1.63170844E-04
         909   1.78588962E-04
         910   1.69664301E-04
         911   1.62558761E-04
         912   1.82188436E-04
         913   1.71345324E-04
         914   1.66932223E-04
         915   1.65487785E-04
         916   1.68501516E-04
         917   1.57362185E-04
         918   1.60233481E-04
         919   1.67128659E-04
         920   1.64798592E-04
         921   1.70891391E-04
         922   1.70756844E-04
         923   1.62797005E-04
         924   1.76653411E-04
         925   1.60434080E-04
         926   1.52429071E-04
         927   1.61788572E-04
         928   1.57052098E-04
         929   1.59557138E-04
         930   1.57646864E-04
         931   1.71693056E-04
         932   1.64861180E-04
         933   1.73843655E-04
         934   1.56841386E-04
         935   1.51526532E-04
         936   1.79007577E-04
         937   1.84809076E-04
         938   1.66693513E-04
         939   1.73225431E-04
         940   1.60436670E-04
         941   1.59257586E-04
         942   1.51588305E-04
         943   1.94780601E-04
         944   1.70804255E-04
         945   1.60659140E-04
         946   1.58131050E-04
         947   1.59955205E-04
         948   1.59922551E-04
         949   1.71727166E-04
         950   1.60306387E-04
         951   1.71742286E-04
         952   1.79106602E-04
         953   1.68445229E-04
         954   1.91778323E-04
         955   1.67260936E-04
         956   1.67598060E-04
         957   1.66025129E-04
         958   1.74558634E-04
         959   1.73810200E-04
         960   1.59309595E-04
         961   1.61272255E-04
         962   1.73985871E-04
         963   1.73672510E-04
         964   1.64210462E-04
         965   1.63558594E-04
         966   1.68814833E-04
         967   1.73380948E-04
         968   1.57518109E-04
         969   1.58591589E-04
         970   1.65392339E-04
         971   1.57710514E-04
         972   1.67374281E-04
         973   1.66536178E-04
         974   1.57673072E-04
         975   1.65689198E-04
         976   1.61601143E-04
         977   1.51374348E-04
         978   1.53550776E-04
         979   1.48304811E-04
         980   1.52838707E-04
         981   1.58353752E-04
         982   1.63765333E-04
         983   1.54437876E-04
         984   1.50411448E-04
         985   1.55331334E-04
         986   1.63382894E-04
         987   1.54892739E-04
         988   1.63495337E-04
         989   1.53550922E-04
         990   1.66079713E-04
         991   1.61302378E-04
         992   1.61112112E-04
         993   1.55530419E-04
         994   1.53203349E-04
         995   1.62759257E-04
         996   1.57422241E-04
         997   1.58841111E-04
         998   1.53678222E-04
         999   1.51684915E-04
        1000   1.78721282E-04
