           1   137.175339    
           2   119.514862    
           3   106.706230    
           4   97.2170181    
           5   89.9461517    
           6   84.1024094    
           7   79.2299194    
           8   75.0311508    
           9   71.3234634    
          10   67.9839020    
          11   64.9452438    
          12   62.1357727    
          13   59.5230713    
          14   57.0770111    
          15   54.7655334    
          16   52.5955315    
          17   50.5246086    
          18   48.5660019    
          19   46.6936531    
          20   44.9059715    
          21   43.1960602    
          22   41.5540886    
          23   39.9867935    
          24   38.4713860    
          25   37.0241737    
          26   35.6295967    
          27   34.2845573    
          28   32.9926491    
          29   31.7454243    
          30   30.5470905    
          31   29.3870239    
          32   28.2763939    
          33   27.2083111    
          34   26.1763783    
          35   25.1898079    
          36   24.2408237    
          37   23.3258343    
          38   22.4500122    
          39   21.6078434    
          40   20.7985096    
          41   20.0216370    
          42   19.2744713    
          43   18.5586815    
          44   17.8703594    
          45   17.2080898    
          46   16.5744591    
          47   15.9652843    
          48   15.3783560    
          49   14.8173227    
          50   14.2779484    
          51   13.7584248    
          52   13.2614374    
          53   12.7839003    
          54   12.3241177    
          55   11.8839302    
          56   11.4609156    
          57   11.0540237    
          58   10.6642990    
          59   10.2896566    
          60   9.92972851    
          61   9.58459282    
          62   9.25282097    
          63   8.93457031    
          64   8.62912750    
          65   8.33540344    
          66   8.05385113    
          67   7.78335762    
          68   7.52359295    
          69   7.27456617    
          70   7.03499413    
          71   6.80544090    
          72   6.58475590    
          73   6.37304783    
          74   6.16990566    
          75   5.97468996    
          76   5.78750658    
          77   5.60763502    
          78   5.43511295    
          79   5.26933813    
          80   5.11023808    
          81   4.95755243    
          82   4.81073236    
          83   4.67014551    
          84   4.53480673    
          85   4.40497351    
          86   4.28024006    
          87   4.16041946    
          88   4.04514742    
          89   3.93441010    
          90   3.82765961    
          91   3.72509646    
          92   3.62606192    
          93   3.53061104    
          94   3.43863964    
          95   3.34985375    
          96   3.26408744    
          97   3.18128419    
          98   3.10127711    
          99   3.02396369    
         100   2.94919038    
         101   2.87686038    
         102   2.80683780    
         103   2.73912787    
         104   2.67354798    
         105   2.60999751    
         106   2.54836416    
         107   2.48870254    
         108   2.43087125    
         109   2.37473249    
         110   2.32026148    
         111   2.26749897    
         112   2.21623349    
         113   2.16643691    
         114   2.11813974    
         115   2.07120895    
         116   2.02561069    
         117   1.98132384    
         118   1.93824279    
         119   1.89638889    
         120   1.85566521    
         121   1.81611288    
         122   1.77762616    
         123   1.74013364    
         124   1.70372593    
         125   1.66830337    
         126   1.63371563    
         127   1.60009587    
         128   1.56736648    
         129   1.53545177    
         130   1.50441778    
         131   1.47413826    
         132   1.44466770    
         133   1.41595340    
         134   1.38791597    
         135   1.36056733    
         136   1.33395350    
         137   1.30798531    
         138   1.28262842    
         139   1.25799561    
         140   1.23382747    
         141   1.21027935    
         142   1.18734026    
         143   1.16491795    
         144   1.14308310    
         145   1.12170601    
         146   1.10081613    
         147   1.08050346    
         148   1.06057715    
         149   1.04108632    
         150   1.02215958    
         151   1.00356770    
         152  0.985424936    
         153  0.967733741    
         154  0.950371981    
         155  0.933466136    
         156  0.916895628    
         157  0.900697172    
         158  0.884853184    
         159  0.869397342    
         160  0.854227662    
         161  0.839411736    
         162  0.824912190    
         163  0.810704589    
         164  0.796827435    
         165  0.783207655    
         166  0.769913316    
         167  0.756885529    
         168  0.744140923    
         169  0.731707931    
         170  0.719428122    
         171  0.707460165    
         172  0.695684552    
         173  0.684196770    
         174  0.672953665    
         175  0.661900222    
         176  0.651074111    
         177  0.640512645    
         178  0.630140722    
         179  0.619936883    
         180  0.609963953    
         181  0.600203872    
         182  0.590618610    
         183  0.581164062    
         184  0.571969569    
         185  0.562901676    
         186  0.554012895    
         187  0.545374632    
         188  0.536794782    
         189  0.528433442    
         190  0.520260811    
         191  0.512149274    
         192  0.504214883    
         193  0.496448249    
         194  0.488828570    
         195  0.481358737    
         196  0.474020571    
         197  0.466789812    
         198  0.459709376    
         199  0.452744812    
         200  0.445935965    
         201  0.439251631    
         202  0.432650119    
         203  0.426206410    
         204  0.419807523    
         205  0.413596779    
         206  0.407459766    
         207  0.401434571    
         208  0.395511746    
         209  0.389634728    
         210  0.383957386    
         211  0.378362983    
         212  0.372847289    
         213  0.367394656    
         214  0.362055063    
         215  0.356770277    
         216  0.351670623    
         217  0.346653402    
         218  0.341634780    
         219  0.336743325    
         220  0.331891805    
         221  0.327164829    
         222  0.322504193    
         223  0.317938238    
         224  0.313396037    
         225  0.309011519    
         226  0.304618388    
         227  0.300316989    
         228  0.296106786    
         229  0.291960448    
         230  0.287867486    
         231  0.283853024    
         232  0.279946148    
         233  0.276022047    
         234  0.272179842    
         235  0.268446058    
         236  0.264700741    
         237  0.261069089    
         238  0.257453293    
         239  0.253923178    
         240  0.250434011    
         241  0.246967062    
         242  0.243631124    
         243  0.240334257    
         244  0.237058967    
         245  0.233820617    
         246  0.230656549    
         247  0.227498859    
         248  0.224430725    
         249  0.221413553    
         250  0.218454644    
         251  0.215489134    
         252  0.212580726    
         253  0.209737077    
         254  0.206973955    
         255  0.204187259    
         256  0.201452449    
         257  0.198739037    
         258  0.196116909    
         259  0.193488941    
         260  0.190911710    
         261  0.188428417    
         262  0.185909376    
         263  0.183510318    
         264  0.181073755    
         265  0.178685531    
         266  0.176343873    
         267  0.174006417    
         268  0.171688855    
         269  0.169481352    
         270  0.167266011    
         271  0.165127441    
         272  0.162957117    
         273  0.160826489    
         274  0.158691019    
         275  0.156632915    
         276  0.154637322    
         277  0.152655110    
         278  0.150681928    
         279  0.148709714    
         280  0.146749333    
         281  0.144908577    
         282  0.143018022    
         283  0.141220927    
         284  0.139384121    
         285  0.137585610    
         286  0.135827079    
         287  0.134061337    
         288  0.132354513    
         289  0.130662441    
         290  0.129042894    
         291  0.127397612    
         292  0.125778347    
         293  0.124166317    
         294  0.122577965    
         295  0.121016711    
         296  0.119509220    
         297  0.117953017    
         298  0.116480209    
         299  0.115031831    
         300  0.113550588    
         301  0.112123564    
         302  0.110733837    
         303  0.109336793    
         304  0.107946262    
         305  0.106588170    
         306  0.105265282    
         307  0.103932522    
         308  0.102623284    
         309  0.101399347    
         310  0.100114577    
         311   9.88304541E-02
         312   9.75943282E-02
         313   9.63794962E-02
         314   9.52145010E-02
         315   9.40155163E-02
         316   9.28451493E-02
         317   9.16886926E-02
         318   9.05180350E-02
         319   8.94313827E-02
         320   8.83360356E-02
         321   8.72290209E-02
         322   8.61426592E-02
         323   8.50713700E-02
         324   8.40105787E-02
         325   8.30038637E-02
         326   8.19698572E-02
         327   8.09606537E-02
         328   7.99364448E-02
         329   7.89395273E-02
         330   7.80065283E-02
         331   7.70867839E-02
         332   7.61413798E-02
         333   7.51655623E-02
         334   7.42951334E-02
         335   7.33475760E-02
         336   7.24406466E-02
         337   7.15440661E-02
         338   7.06601962E-02
         339   6.98334575E-02
         340   6.90132305E-02
         341   6.81542382E-02
         342   6.73213005E-02
         343   6.64922521E-02
         344   6.56776428E-02
         345   6.48650229E-02
         346   6.40588701E-02
         347   6.33112937E-02
         348   6.25413507E-02
         349   6.18010946E-02
         350   6.10289909E-02
         351   6.03036024E-02
         352   5.95369525E-02
         353   5.88511676E-02
         354   5.81332855E-02
         355   5.74556291E-02
         356   5.67347556E-02
         357   5.61125651E-02
         358   5.54041788E-02
         359   5.47252297E-02
         360   5.40482402E-02
         361   5.34078777E-02
         362   5.27526736E-02
         363   5.21411486E-02
         364   5.14753126E-02
         365   5.08857593E-02
         366   5.02878949E-02
         367   4.96537015E-02
         368   4.90565337E-02
         369   4.85029370E-02
         370   4.79209460E-02
         371   4.73370664E-02
         372   4.67474237E-02
         373   4.61796485E-02
         374   4.56810556E-02
         375   4.51176427E-02
         376   4.45650071E-02
         377   4.40381728E-02
         378   4.35409322E-02
         379   4.30046096E-02
         380   4.25163060E-02
         381   4.19965573E-02
         382   4.14815806E-02
         383   4.09906022E-02
         384   4.05254029E-02
         385   4.00419608E-02
         386   3.95368971E-02
         387   3.90979461E-02
         388   3.86641249E-02
         389   3.81500982E-02
         390   3.77471633E-02
         391   3.72743793E-02
         392   3.68517041E-02
         393   3.63737196E-02
         394   3.59752886E-02
         395   3.55247743E-02
         396   3.50738764E-02
         397   3.46697830E-02
         398   3.42684612E-02
         399   3.38954143E-02
         400   3.34990844E-02
         401   3.30607258E-02
         402   3.27370651E-02
         403   3.23019624E-02
         404   3.18942070E-02
         405   3.15406919E-02
         406   3.12056653E-02
         407   3.08381375E-02
         408   3.04620601E-02
         409   3.00722048E-02
         410   2.97373794E-02
         411   2.94233877E-02
         412   2.90775280E-02
         413   2.86924057E-02
         414   2.83715166E-02
         415   2.80254912E-02
         416   2.77182851E-02
         417   2.74380296E-02
         418   2.71061622E-02
         419   2.67918911E-02
         420   2.64801458E-02
         421   2.61719953E-02
         422   2.58546323E-02
         423   2.55278647E-02
         424   2.52337996E-02
         425   2.49577258E-02
         426   2.46335249E-02
         427   2.43672524E-02
         428   2.40658354E-02
         429   2.37964783E-02
         430   2.34995782E-02
         431   2.32454482E-02
         432   2.29759626E-02
         433   2.27422751E-02
         434   2.24530119E-02
         435   2.21785940E-02
         436   2.19093133E-02
         437   2.16589980E-02
         438   2.14383509E-02
         439   2.11729668E-02
         440   2.09542532E-02
         441   2.07303837E-02
         442   2.04671863E-02
         443   2.02186368E-02
         444   1.99803747E-02
         445   1.97801366E-02
         446   1.95161626E-02
         447   1.92949176E-02
         448   1.90642308E-02
         449   1.88733190E-02
         450   1.86734423E-02
         451   1.84124243E-02
         452   1.82320457E-02
         453   1.80153940E-02
         454   1.77890118E-02
         455   1.76379234E-02
         456   1.74017623E-02
         457   1.72522720E-02
         458   1.70094427E-02
         459   1.68102253E-02
         460   1.66358817E-02
         461   1.64538659E-02
         462   1.62369106E-02
         463   1.60128418E-02
         464   1.58618763E-02
         465   1.56635717E-02
         466   1.54903941E-02
         467   1.53219840E-02
         468   1.51161207E-02
         469   1.49550103E-02
         470   1.47809368E-02
         471   1.45944059E-02
         472   1.44529101E-02
         473   1.42434724E-02
         474   1.41202100E-02
         475   1.39360363E-02
         476   1.37932841E-02
         477   1.36246420E-02
         478   1.35111725E-02
         479   1.33594135E-02
         480   1.31757502E-02
         481   1.30579853E-02
         482   1.28881745E-02
         483   1.27279656E-02
         484   1.25966715E-02
         485   1.24809118E-02
         486   1.23031680E-02
         487   1.21673988E-02
         488   1.20156286E-02
         489   1.19043523E-02
         490   1.17422808E-02
         491   1.16385575E-02
         492   1.15143871E-02
         493   1.13491435E-02
         494   1.12036187E-02
         495   1.10951681E-02
         496   1.09739546E-02
         497   1.08533772E-02
         498   1.07243462E-02
         499   1.05885025E-02
         500   1.04732960E-02
         501   1.03625096E-02
         502   1.02479411E-02
         503   1.01504987E-02
         504   1.00062024E-02
         505   9.91512556E-03
         506   9.80124623E-03
         507   9.69504006E-03
         508   9.58569348E-03
         509   9.45854932E-03
         510   9.35320184E-03
         511   9.23690666E-03
         512   9.14289616E-03
         513   9.05349571E-03
         514   8.93128663E-03
         515   8.85965768E-03
         516   8.75154044E-03
         517   8.67897738E-03
         518   8.55762605E-03
         519   8.45708512E-03
         520   8.33895057E-03
         521   8.29023402E-03
         522   8.16337112E-03
         523   8.11787415E-03
         524   8.03450588E-03
         525   7.89103098E-03
         526   7.80662009E-03
         527   7.74653349E-03
         528   7.64044933E-03
         529   7.58580025E-03
         530   7.50457915E-03
         531   7.35782273E-03
         532   7.32001755E-03
         533   7.23029673E-03
         534   7.15517765E-03
         535   7.05744047E-03
         536   6.99764676E-03
         537   6.92515820E-03
         538   6.83398405E-03
         539   6.76318724E-03
         540   6.69593597E-03
         541   6.61995495E-03
         542   6.53842883E-03
         543   6.45890832E-03
         544   6.40412420E-03
         545   6.33159559E-03
         546   6.23826403E-03
         547   6.15950720E-03
         548   6.11970294E-03
         549   6.03029551E-03
         550   5.98454056E-03
         551   5.87653695E-03
         552   5.85542200E-03
         553   5.76203130E-03
         554   5.69112599E-03
         555   5.68044558E-03
         556   5.58287371E-03
         557   5.53819025E-03
         558   5.46540366E-03
         559   5.41354297E-03
         560   5.33599919E-03
         561   5.26935328E-03
         562   5.22853574E-03
         563   5.13625145E-03
         564   5.10280114E-03
         565   5.06867189E-03
         566   4.98459907E-03
         567   4.94808052E-03
         568   4.87336423E-03
         569   4.81908722E-03
         570   4.79023717E-03
         571   4.72809840E-03
         572   4.69586020E-03
         573   4.65454673E-03
         574   4.58785566E-03
         575   4.50694514E-03
         576   4.47956892E-03
         577   4.43409989E-03
         578   4.39253775E-03
         579   4.30337759E-03
         580   4.27245861E-03
         581   4.25677421E-03
         582   4.18743538E-03
         583   4.15211031E-03
         584   4.10135975E-03
         585   4.08392306E-03
         586   4.00660699E-03
         587   3.96311283E-03
         588   3.91870597E-03
         589   3.89834121E-03
         590   3.83374793E-03
         591   3.80198914E-03
         592   3.76071082E-03
         593   3.71371419E-03
         594   3.65955895E-03
         595   3.61962011E-03
         596   3.57449520E-03
         597   3.54834367E-03
         598   3.52691021E-03
         599   3.47963860E-03
         600   3.43011576E-03
         601   3.39712086E-03
         602   3.38585302E-03
         603   3.31071229E-03
         604   3.30902217E-03
         605   3.27899633E-03
         606   3.22065922E-03
         607   3.18158907E-03
         608   3.13626952E-03
         609   3.14366911E-03
         610   3.08020646E-03
         611   3.03877587E-03
         612   3.03714909E-03
         613   3.01094423E-03
         614   2.94358796E-03
         615   2.92729610E-03
         616   2.89100735E-03
         617   2.86606373E-03
         618   2.82894261E-03
         619   2.80555245E-03
         620   2.77193286E-03
         621   2.75008590E-03
         622   2.72009289E-03
         623   2.68667797E-03
         624   2.64822715E-03
         625   2.63376441E-03
         626   2.59790826E-03
         627   2.57056928E-03
         628   2.54285592E-03
         629   2.50757509E-03
         630   2.49410863E-03
         631   2.45506130E-03
         632   2.43290677E-03
         633   2.40198639E-03
         634   2.36505666E-03
         635   2.34915758E-03
         636   2.32254178E-03
         637   2.31646188E-03
         638   2.28534476E-03
         639   2.25755060E-03
         640   2.23750388E-03
         641   2.22731032E-03
         642   2.18455517E-03
         643   2.14256765E-03
         644   2.13820511E-03
         645   2.13256432E-03
         646   2.10230169E-03
         647   2.06933916E-03
         648   2.04119482E-03
         649   2.02395231E-03
         650   2.01876205E-03
         651   2.01297877E-03
         652   1.96350436E-03
         653   1.93144567E-03
         654   1.91601261E-03
         655   1.90659647E-03
         656   1.88864639E-03
         657   1.86113524E-03
         658   1.82841264E-03
         659   1.83048774E-03
         660   1.78719603E-03
         661   1.78211485E-03
         662   1.78118155E-03
         663   1.74914370E-03
         664   1.74853590E-03
         665   1.70965819E-03
         666   1.70353474E-03
         667   1.67945155E-03
         668   1.66862994E-03
         669   1.64805725E-03
         670   1.63224898E-03
         671   1.62755232E-03
         672   1.61134789E-03
         673   1.59356964E-03
         674   1.56276091E-03
         675   1.55620684E-03
         676   1.54968596E-03
         677   1.52874994E-03
         678   1.50729774E-03
         679   1.49410835E-03
         680   1.47034426E-03
         681   1.46536576E-03
         682   1.45627023E-03
         683   1.42997922E-03
         684   1.40181568E-03
         685   1.40259904E-03
         686   1.38522603E-03
         687   1.38936983E-03
         688   1.36104831E-03
         689   1.34632015E-03
         690   1.33595883E-03
         691   1.33604580E-03
         692   1.30778924E-03
         693   1.30025321E-03
         694   1.29129621E-03
         695   1.29603210E-03
         696   1.25886453E-03
         697   1.24667131E-03
         698   1.22168812E-03
         699   1.23472966E-03
         700   1.20405003E-03
         701   1.18215708E-03
         702   1.18992641E-03
         703   1.18553464E-03
         704   1.15607237E-03
         705   1.14077283E-03
         706   1.13453716E-03
         707   1.12791057E-03
         708   1.10756920E-03
         709   1.11091090E-03
         710   1.09798764E-03
         711   1.09764247E-03
         712   1.06723281E-03
         713   1.07409596E-03
         714   1.05773972E-03
         715   1.05488359E-03
         716   1.04526046E-03
         717   1.03352615E-03
         718   1.03060529E-03
         719   1.01572159E-03
         720   1.00072450E-03
         721   9.90950270E-04
         722   9.75954463E-04
         723   9.65661136E-04
         724   9.50152637E-04
         725   9.50477726E-04
         726   9.39341553E-04
         727   9.39378224E-04
         728   9.20390419E-04
         729   9.15327691E-04
         730   8.95888312E-04
         731   8.97291582E-04
         732   8.90007999E-04
         733   8.91090371E-04
         734   8.71437311E-04
         735   8.58627667E-04
         736   8.49648553E-04
         737   8.60252127E-04
         738   8.32768332E-04
         739   8.29423429E-04
         740   8.15661391E-04
         741   8.09538993E-04
         742   8.07108125E-04
         743   7.90330174E-04
         744   7.90724880E-04
         745   7.83078431E-04
         746   7.77910638E-04
         747   7.68984435E-04
         748   7.55188812E-04
         749   7.61722331E-04
         750   7.46428908E-04
         751   7.36632908E-04
         752   7.21531047E-04
         753   7.30742991E-04
         754   7.52143620E-04
         755   7.05948973E-04
         756   7.07145897E-04
         757   7.06624589E-04
         758   7.10385852E-04
         759   7.02745456E-04
         760   6.83506136E-04
         761   6.99526048E-04
         762   6.79136661E-04
         763   6.70904294E-04
         764   6.56123506E-04
         765   6.49482594E-04
         766   6.52255316E-04
         767   6.56122225E-04
         768   6.36011129E-04
         769   6.25900575E-04
         770   6.25492306E-04
         771   6.22533727E-04
         772   6.21981686E-04
         773   6.19346160E-04
         774   6.07589842E-04
         775   6.07877388E-04
         776   5.93815697E-04
         777   5.96066879E-04
         778   5.86936541E-04
         779   5.84815978E-04
         780   5.72936959E-04
         781   5.69898577E-04
         782   5.58206521E-04
         783   5.67378302E-04
         784   5.51361940E-04
         785   5.50610886E-04
         786   5.45201823E-04
         787   5.46736352E-04
         788   5.35763451E-04
         789   5.18836896E-04
         790   5.32159756E-04
         791   5.23302471E-04
         792   5.26274962E-04
         793   5.06366487E-04
         794   5.05106000E-04
         795   5.12308092E-04
         796   5.02495037E-04
         797   5.11010294E-04
         798   5.01596543E-04
         799   4.94627631E-04
         800   4.88467922E-04
         801   4.90783190E-04
         802   4.83496202E-04
         803   4.82892239E-04
         804   4.84017801E-04
         805   4.60786541E-04
         806   4.65273974E-04
         807   4.54026478E-04
         808   4.62287368E-04
         809   4.61538322E-04
         810   4.52308217E-04
         811   4.46447957E-04
         812   4.43391240E-04
         813   4.36167466E-04
         814   4.37124399E-04
         815   4.33882553E-04
         816   4.31671418E-04
         817   4.37148730E-04
         818   4.27513907E-04
         819   4.13379312E-04
         820   4.19136253E-04
         821   4.12215973E-04
         822   4.00012214E-04
         823   4.02359845E-04
         824   4.10759414E-04
         825   3.96275078E-04
         826   3.92180140E-04
         827   3.84353014E-04
         828   3.85811611E-04
         829   3.84852843E-04
         830   3.77176621E-04
         831   3.69469868E-04
         832   3.77351273E-04
         833   3.71120201E-04
         834   3.75920616E-04
         835   3.72217415E-04
         836   3.73212213E-04
         837   3.63413215E-04
         838   3.66159977E-04
         839   3.59263882E-04
         840   3.72472190E-04
         841   3.62874998E-04
         842   3.56178061E-04
         843   3.51767754E-04
         844   3.49819864E-04
         845   3.47278372E-04
         846   3.49919195E-04
         847   3.32096446E-04
         848   3.45982349E-04
         849   3.46634566E-04
         850   3.33187636E-04
         851   3.46916640E-04
         852   3.41807696E-04
         853   3.20892519E-04
         854   3.21858883E-04
         855   3.24110850E-04
         856   3.23260931E-04
         857   3.20063205E-04
         858   3.12746823E-04
         859   3.08052026E-04
         860   3.17620463E-04
         861   3.10052681E-04
         862   3.16550577E-04
         863   3.15062149E-04
         864   3.09408962E-04
         865   3.02249508E-04
         866   2.98273138E-04
         867   2.97732360E-04
         868   3.10410745E-04
         869   2.95261591E-04
         870   3.07393464E-04
         871   2.88532057E-04
         872   2.99413485E-04
         873   2.85935035E-04
         874   2.82418419E-04
         875   2.93115532E-04
         876   2.93763354E-04
         877   2.84027308E-04
         878   2.77665473E-04
         879   2.76787032E-04
         880   2.89159972E-04
         881   2.69691198E-04
         882   2.80254288E-04
         883   2.77512590E-04
         884   2.69336131E-04
         885   2.67185416E-04
         886   2.63279362E-04
         887   2.59435445E-04
         888   2.79532571E-04
         889   2.56030122E-04
         890   2.59507593E-04
         891   2.62442045E-04
         892   2.59251421E-04
         893   2.59102846E-04
         894   2.62969872E-04
         895   2.62883434E-04
         896   2.58463639E-04
         897   2.55013729E-04
         898   2.47921475E-04
         899   2.42498762E-04
         900   2.58699991E-04
         901   2.43760500E-04
         902   2.41400456E-04
         903   2.50301178E-04
         904   2.46005715E-04
         905   2.43897943E-04
         906   2.48000491E-04
         907   2.39375964E-04
         908   2.46881915E-04
         909   2.41113667E-04
         910   2.32829014E-04
         911   2.44288211E-04
         912   2.43313363E-04
         913   2.40421854E-04
         914   2.37857341E-04
         915   2.30095568E-04
         916   2.31691869E-04
         917   2.26812495E-04
         918   2.30925929E-04
         919   2.29346144E-04
         920   2.35911633E-04
         921   2.27872370E-04
         922   2.22427523E-04
         923   2.24985706E-04
         924   2.21868482E-04
         925   2.16339235E-04
         926   2.26656732E-04
         927   2.20385133E-04
         928   2.18618588E-04
         929   2.13852763E-04
         930   2.19660302E-04
         931   2.11598526E-04
         932   2.16838744E-04
         933   2.08156853E-04
         934   2.10465369E-04
         935   2.09899488E-04
         936   2.07301331E-04
         937   2.10787271E-04
         938   2.11091712E-04
         939   2.08823680E-04
         940   2.10276557E-04
         941   2.10809667E-04
         942   2.08236699E-04
         943   2.01546951E-04
         944   2.03834032E-04
         945   2.05595206E-04
         946   2.05615957E-04
         947   2.02007432E-04
         948   2.02239826E-04
         949   2.00219336E-04
         950   1.96492649E-04
         951   2.04137556E-04
         952   2.01792485E-04
         953   1.93970482E-04
         954   1.99046626E-04
         955   1.97034664E-04
         956   1.92520383E-04
         957   2.01047573E-04
         958   1.87928497E-04
         959   1.89158047E-04
         960   1.97800153E-04
         961   1.86568665E-04
         962   1.87414116E-04
         963   1.89503931E-04
         964   1.91603554E-04
         965   1.86250152E-04
         966   1.89061757E-04
         967   1.86810415E-04
         968   1.79603463E-04
         969   1.89477389E-04
         970   1.86924517E-04
         971   1.78725822E-04
         972   1.92437670E-04
         973   1.83612778E-04
         974   1.75734589E-04
         975   1.85822850E-04
         976   1.82309508E-04
         977   1.78324568E-04
         978   1.85293800E-04
         979   1.77604496E-04
         980   1.73386477E-04
         981   1.82215794E-04
         982   1.84844990E-04
         983   1.73123233E-04
         984   1.84023855E-04
         985   1.75352514E-04
         986   1.72164451E-04
         987   1.79782510E-04
         988   1.72019965E-04
         989   1.71061969E-04
         990   1.77515481E-04
         991   1.74939996E-04
         992   1.65599340E-04
         993   1.71677675E-04
         994   1.68021012E-04
         995   1.69719628E-04
         996   1.75100460E-04
         997   1.68323575E-04
         998   1.64085344E-04
         999   1.71493695E-04
        1000   1.66370577E-04
