           1   759.668396    
           2   576.140686    
           3   528.587952    
           4   497.973236    
           5   473.855896    
           6   452.164337    
           7   434.345245    
           8   417.059235    
           9   401.230499    
          10   386.922791    
          11   372.407227    
          12   358.140167    
          13   343.930908    
          14   330.071014    
          15   316.945801    
          16   304.671844    
          17   293.922913    
          18   283.792145    
          19   274.360657    
          20   265.821564    
          21   257.961578    
          22   251.047195    
          23   245.034973    
          24   239.641800    
          25   235.049728    
          26   231.218353    
          27   227.866608    
          28   224.709976    
          29   221.683762    
          30   218.779739    
          31   215.680115    
          32   202.895767    
          33   222.170715    
          34   216.653992    
          35   213.666183    
          36   204.864273    
          37   182.890671    
          38   174.471115    
          39   165.074677    
          40   159.193314    
          41   152.030884    
          42   145.371140    
          43   139.419556    
          44   133.588684    
          45   128.038269    
          46   122.690651    
          47   117.030945    
          48   112.412476    
          49   107.861809    
          50   103.396156    
          51   99.5331497    
          52   95.8127670    
          53   92.7612534    
          54   89.9655380    
          55   87.4110870    
          56   85.1010284    
          57   82.8866653    
          58   81.0157013    
          59   79.1480865    
          60   77.2380524    
          61   75.2330856    
          62   118.984192    
          63   116.318695    
          64   105.583084    
          65   93.5878601    
          66   83.5857620    
          67   76.9368210    
          68   70.0744095    
          69   64.5054550    
          70   60.0306129    
          71   55.4166374    
          72   49.7116623    
          73   45.4076195    
          74   42.1636124    
          75   38.6086693    
          76   36.4664726    
          77   33.7705498    
          78   31.6465836    
          79   29.5376873    
          80   27.9412193    
          81   26.2174549    
          82   24.8271484    
          83   23.3536015    
          84   22.1238194    
          85   20.9554157    
          86   19.8463993    
          87   18.8922272    
          88   17.9984531    
          89   17.2067509    
          90   16.5098858    
          91   15.8068542    
          92   15.2266932    
          93   14.7083960    
          94   16.8577366    
          95   13.9632282    
          96   13.4592657    
          97   12.8247652    
          98   12.0204372    
          99   11.4305429    
         100   11.0011187    
         101   10.5915041    
         102   10.0972700    
         103   9.61142921    
         104   9.21269321    
         105   8.95908546    
         106   8.53099537    
         107   7.85999918    
         108   7.29076910    
         109   7.02599812    
         110   6.65905142    
         111   6.28039455    
         112   6.05917788    
         113   5.72621155    
         114   5.51421213    
         115   5.26794291    
         116   5.10504866    
         117   4.90781593    
         118   4.79483175    
         119   4.66639280    
         120   4.53500414    
         121   4.42085934    
         122   4.31854153    
         123   4.83896399    
         124   4.97714186    
         125   4.72765350    
         126   4.53404808    
         127   4.15818357    
         128   3.86087799    
         129   3.59605169    
         130   3.31959796    
         131   3.07896996    
         132   2.87077546    
         133   2.69168210    
         134   2.54009199    
         135   2.39706159    
         136   2.25677180    
         137   2.13923359    
         138   2.01140857    
         139   1.92135465    
         140   1.84781790    
         141   1.73621857    
         142   1.59675694    
         143   1.47655475    
         144   1.41102445    
         145   1.34851122    
         146   1.25611401    
         147   1.19268548    
         148   1.12734139    
         149   1.07434046    
         150   1.02358508    
         151  0.978536665    
         152  0.942366183    
         153  0.903445125    
         154  0.848293483    
         155  0.873485327    
         156  0.828515470    
         157  0.756612182    
         158  0.736673474    
         159  0.683943033    
         160  0.648551404    
         161  0.623186588    
         162  0.591082275    
         163  0.563161552    
         164  0.539332092    
         165  0.518098116    
         166  0.497002125    
         167  0.476328492    
         168  0.455748796    
         169  0.436998516    
         170  0.416872561    
         171  0.398623258    
         172  0.378035158    
         173  0.362877637    
         174  0.350481421    
         175  0.337977976    
         176  0.321392536    
         177  0.302935749    
         178  0.283883601    
         179  0.273563296    
         180  0.262794077    
         181  0.249967664    
         182  0.241912007    
         183  0.237968639    
         184  0.244327694    
         185  0.239223495    
         186  0.227486148    
         187  0.212373376    
         188  0.201059103    
         189  0.186597437    
         190  0.176188022    
         191  0.163193777    
         192  0.152541533    
         193  0.142057687    
         194  0.133732811    
         195  0.126461163    
         196  0.118362643    
         197  0.112479456    
         198  0.106409937    
         199  0.101094380    
         200   9.53586996E-02
         201   8.93424004E-02
         202   8.36153477E-02
         203   7.81628340E-02
         204   7.40306675E-02
         205   7.03106746E-02
         206   6.71430230E-02
         207   6.44217506E-02
         208   6.23220615E-02
         209   6.03016913E-02
         210   5.79528958E-02
         211   5.47293909E-02
         212   5.01505360E-02
         213   4.61521260E-02
         214   4.37703952E-02
         215   4.17616330E-02
         216   4.18790877E-02
         217   3.94978300E-02
         218   3.75733636E-02
         219   3.55775058E-02
         220   3.34171131E-02
         221   3.15995328E-02
         222   2.97682434E-02
         223   2.76903566E-02
         224   2.60943715E-02
         225   2.45253649E-02
         226   2.28626821E-02
         227   2.14587916E-02
         228   2.06783153E-02
         229   1.99412387E-02
         230   1.95511002E-02
         231   1.88860931E-02
         232   1.82495471E-02
         233   1.75517518E-02
         234   1.67035107E-02
         235   1.57507677E-02
         236   1.46958446E-02
         237   1.36764348E-02
         238   1.27921142E-02
         239   1.21013736E-02
         240   1.16395801E-02
         241   1.12950020E-02
         242   1.11196395E-02
         243   1.10977292E-02
         244   1.11605525E-02
         245   1.11203045E-02
         246   1.08493529E-02
         247   1.00793969E-02
         248   9.37759783E-03
         249   8.72057956E-03
         250   8.07618350E-03
         251   7.51602510E-03
         252   6.97084796E-03
         253   6.60173129E-03
         254   6.30156603E-03
         255   5.96874300E-03
         256   5.71886776E-03
         257   5.46651753E-03
         258   5.22428099E-03
         259   4.99008456E-03
         260   4.72669024E-03
         261   4.44620289E-03
         262   4.12917323E-03
         263   3.84394126E-03
         264   3.59455775E-03
         265   3.33767990E-03
         266   3.10640153E-03
         267   3.02344630E-03
         268   2.96282070E-03
         269   2.93617905E-03
         270   2.81888782E-03
         271   2.73547694E-03
         272   2.58585159E-03
         273   2.48816167E-03
         274   2.33476120E-03
         275   2.28105136E-03
         276   2.11660773E-03
         277   2.04432523E-03
         278   1.97355938E-03
         279   1.92057947E-03
         280   1.85722462E-03
         281   1.75259029E-03
         282   1.69173500E-03
         283   1.55783468E-03
         284   1.52348843E-03
         285   1.49329391E-03
         286   1.48670166E-03
         287   1.45731389E-03
         288   1.36452902E-03
         289   1.28404482E-03
         290   1.23990583E-03
         291   1.12571614E-03
         292   1.11186621E-03
         293   1.02945755E-03
         294   1.01777760E-03
         295   1.00420311E-03
         296   1.00983027E-03
         297   1.01984572E-03
         298   9.40513622E-04
         299   9.81183141E-04
         300   9.59684490E-04
         301   8.79466359E-04
         302   9.14315460E-04
         303   8.75033496E-04
         304   8.66002927E-04
         305   8.24645453E-04
         306   8.15920066E-04
         307   8.11815786E-04
         308   7.72640808E-04
         309   7.61284260E-04
         310   7.63551798E-04
         311   6.94608607E-04
         312   6.86857675E-04
         313   7.09708838E-04
         314   7.02066871E-04
         315   6.98247342E-04
         316   6.69289613E-04
         317   6.60975697E-04
         318   6.49015885E-04
         319   6.95879862E-04
         320   5.93819306E-04
         321   6.02251152E-04
         322   6.06368587E-04
         323   5.72729798E-04
         324   5.90702752E-04
         325   5.82066074E-04
         326   5.52545709E-04
         327   5.71584853E-04
         328   5.62785019E-04
         329   5.18476299E-04
         330   5.76966326E-04
         331   5.33169310E-04
         332   5.02437935E-04
         333   5.16455853E-04
         334   5.16572443E-04
         335   5.10521641E-04
         336   5.18267101E-04
         337   4.93880070E-04
         338   5.00269758E-04
         339   4.87338606E-04
         340   4.98910958E-04
         341   5.06434299E-04
         342   4.80352814E-04
         343   4.89699247E-04
         344   4.78733215E-04
         345   5.45005430E-04
         346   4.89392958E-04
         347   4.97396395E-04
         348   4.57966060E-04
         349   4.65322286E-04
         350   4.82363976E-04
         351   4.46858612E-04
         352   4.56712092E-04
         353   4.79477138E-04
         354   4.70199331E-04
         355   4.51616972E-04
         356   5.08880883E-04
         357   4.67256439E-04
         358   4.86214733E-04
         359   4.83274518E-04
         360   4.82913863E-04
         361   4.41567885E-04
         362   4.21638862E-04
         363   4.39801457E-04
         364   4.56525071E-04
         365   4.53700224E-04
         366   4.47144295E-04
         367   4.52903099E-04
         368   4.42147517E-04
         369   4.83423180E-04
         370   4.55415633E-04
         371   4.78675589E-04
         372   4.49984451E-04
         373   4.51282249E-04
         374   4.58994007E-04
         375   4.35127673E-04
         376   4.44913981E-04
         377   4.44778852E-04
         378   4.16099560E-04
         379   4.48526815E-04
         380   5.12796105E-04
         381   4.80202521E-04
         382   5.00709866E-04
         383   4.86240082E-04
         384   4.52104403E-04
         385   4.41570941E-04
         386   4.30088141E-04
         387   4.34608664E-04
         388   4.47098573E-04
         389   4.35268972E-04
         390   4.82826610E-04
         391   5.27615834E-04
         392   4.79573937E-04
         393   4.79751587E-04
         394   4.69017512E-04
         395   4.65741323E-04
         396   4.58800147E-04
         397   4.70050756E-04
         398   4.56605805E-04
         399   4.63811622E-04
         400   4.49043117E-04
         401   4.25311329E-04
         402   4.31781722E-04
         403   4.27502557E-04
         404   4.27155232E-04
         405   4.33770678E-04
         406   4.46685997E-04
         407   4.25084610E-04
         408   4.33489302E-04
         409   4.18830372E-04
         410   4.50591237E-04
         411   4.68820042E-04
         412   4.35628055E-04
         413   4.40723263E-04
         414   4.41067998E-04
         415   4.65569436E-04
         416   4.89259255E-04
         417   4.56355046E-04
         418   4.67085745E-04
         419   4.25005186E-04
         420   4.84873250E-04
         421   4.42230899E-04
         422   4.37926908E-04
         423   4.35117836E-04
         424   4.44353354E-04
         425   4.62973752E-04
         426   4.51727654E-04
         427   4.36132628E-04
         428   4.51683096E-04
         429   4.44644917E-04
         430   4.41519602E-04
         431   4.42976278E-04
         432   4.12823196E-04
         433   4.13272966E-04
         434   4.40678705E-04
         435   4.35398804E-04
         436   4.83025244E-04
         437   4.64299199E-04
         438   4.10980079E-04
         439   4.29294771E-04
         440   4.41236771E-04
         441   4.30960266E-04
         442   4.26148996E-04
         443   4.39823023E-04
         444   4.50736668E-04
         445   4.58506838E-04
         446   4.32400673E-04
         447   4.46208578E-04
         448   4.40783333E-04
         449   4.39521711E-04
         450   4.19191405E-04
         451   4.33261099E-04
         452   4.42570803E-04
         453   4.12701513E-04
         454   4.51893342E-04
         455   4.25810431E-04
         456   4.45233978E-04
         457   4.60979354E-04
         458   4.13007016E-04
         459   4.67314880E-04
         460   4.43452242E-04
         461   4.31492837E-04
         462   4.52252221E-04
         463   4.63966891E-04
         464   4.35000431E-04
         465   4.62209922E-04
         466   4.32904373E-04
         467   4.98621841E-04
         468   5.22561313E-04
         469   4.54490888E-04
         470   4.40188043E-04
         471   4.36942617E-04
         472   4.41344222E-04
         473   4.32073342E-04
         474   4.57978313E-04
         475   4.85778117E-04
         476   4.56950133E-04
         477   4.60634765E-04
         478   4.33002075E-04
         479   4.71076113E-04
         480   4.53808898E-04
         481   4.67783306E-04
         482   4.51107335E-04
         483   4.31099004E-04
         484   4.57365182E-04
         485   4.90176782E-04
         486   4.59149422E-04
         487   4.43534431E-04
         488   4.91873478E-04
         489   4.72170883E-04
         490   4.65724210E-04
         491   4.71928593E-04
         492   4.67673031E-04
         493   4.71629668E-04
         494   4.61226038E-04
         495   4.98346926E-04
         496   4.71046718E-04
         497   4.54004592E-04
         498   5.03735966E-04
         499   5.13039064E-04
         500   4.71416744E-04
         501   4.70074971E-04
         502   4.95421060E-04
         503   4.72228421E-04
         504   4.93569067E-04
         505   4.52564622E-04
         506   4.49826883E-04
         507   4.62639291E-04
         508   4.80955176E-04
         509   4.40590142E-04
         510   4.87311569E-04
         511   4.80360148E-04
         512   4.62268945E-04
         513   4.41602169E-04
         514   4.55104455E-04
         515   4.55563713E-04
         516   4.39795724E-04
         517   4.75498615E-04
         518   4.56844107E-04
         519   4.38938645E-04
         520   4.59001021E-04
         521   4.72316577E-04
         522   5.13559324E-04
         523   4.63026314E-04
         524   5.38925233E-04
         525   4.97657922E-04
         526   4.54845547E-04
         527   4.65117453E-04
         528   4.44833480E-04
         529   4.42208373E-04
         530   4.34992253E-04
         531   4.39895579E-04
         532   4.38651303E-04
         533   4.18774318E-04
         534   4.28492815E-04
         535   4.33252804E-04
         536   4.38964547E-04
         537   4.76711604E-04
         538   4.58278606E-04
         539   4.19455726E-04
         540   4.10929904E-04
         541   4.23570746E-04
         542   4.56570851E-04
         543   4.84859833E-04
         544   4.54482506E-04
         545   4.25349368E-04
         546   4.41431563E-04
         547   4.53272136E-04
         548   4.27840045E-04
         549   4.95294575E-04
         550   4.42727265E-04
         551   4.35988593E-04
         552   4.21612116E-04
         553   4.25076723E-04
         554   4.43832891E-04
         555   4.15964721E-04
         556   4.21029225E-04
         557   4.15626506E-04
         558   4.24238038E-04
         559   4.48432227E-04
         560   4.51075117E-04
         561   4.40038304E-04
         562   4.20506985E-04
         563   4.15873161E-04
         564   4.33210254E-04
         565   4.41067124E-04
         566   4.99392685E-04
         567   4.80305345E-04
         568   4.92480060E-04
         569   4.55536589E-04
         570   4.29040520E-04
         571   4.57078189E-04
         572   4.56415350E-04
         573   4.54415800E-04
         574   4.72027081E-04
         575   4.74423578E-04
         576   4.83546639E-04
         577   4.79138049E-04
         578   4.77082038E-04
         579   4.65005083E-04
         580   4.64453216E-04
         581   4.33824869E-04
         582   4.80298797E-04
         583   4.71245672E-04
         584   4.72637650E-04
         585   4.83689364E-04
         586   4.35902562E-04
         587   4.76234214E-04
         588   4.63708042E-04
         589   4.56055743E-04
         590   4.58689901E-04
         591   4.84575110E-04
         592   4.45033918E-04
         593   4.35813447E-04
         594   4.42972028E-04
         595   4.62191092E-04
         596   4.57326882E-04
         597   4.71886888E-04
         598   4.75102803E-04
         599   4.55162168E-04
         600   4.47333296E-04
         601   4.69737803E-04
         602   4.57458344E-04
         603   4.74169734E-04
         604   4.61943040E-04
         605   4.39223164E-04
         606   4.55808797E-04
         607   4.81789815E-04
         608   4.31043823E-04
         609   4.29582869E-04
         610   4.56485868E-04
         611   4.83984535E-04
         612   5.15726570E-04
         613   5.01892820E-04
         614   4.85529483E-04
         615   4.40664211E-04
         616   4.65644844E-04
         617   4.39699448E-04
         618   4.78845497E-04
         619   4.59153176E-04
         620   4.60187264E-04
         621   4.48647246E-04
         622   4.29808744E-04
         623   4.63532080E-04
         624   4.33177018E-04
         625   4.67806705E-04
         626   4.52441891E-04
         627   4.53537214E-04
         628   4.64961166E-04
         629   4.87682497E-04
         630   4.53340966E-04
         631   4.57684451E-04
         632   4.74766479E-04
         633   4.70727391E-04
         634   4.17760253E-04
         635   4.41408658E-04
         636   4.26867104E-04
         637   4.34958929E-04
         638   4.41574695E-04
         639   4.73509252E-04
         640   4.44090838E-04
         641   4.41261596E-04
         642   4.39250027E-04
         643   4.48077248E-04
         644   4.69975086E-04
         645   4.36847185E-04
         646   4.91937273E-04
         647   4.83423035E-04
         648   4.89345752E-04
         649   4.49560641E-04
         650   4.48444829E-04
         651   4.60518932E-04
         652   4.77504509E-04
         653   4.19571938E-04
         654   4.37336013E-04
         655   4.46827151E-04
         656   4.72127111E-04
         657   4.18026204E-04
         658   4.53053741E-04
         659   4.32822300E-04
         660   4.52021544E-04
         661   4.23437566E-04
         662   4.94136708E-04
         663   4.55223984E-04
         664   4.40606440E-04
         665   4.34442714E-04
         666   4.51802887E-04
         667   4.23663965E-04
         668   4.44570062E-04
         669   4.26622835E-04
         670   4.01699537E-04
         671   4.54381312E-04
         672   4.43802594E-04
         673   4.17171890E-04
         674   4.21464589E-04
         675   4.18084557E-04
         676   4.03922371E-04
         677   3.93366005E-04
         678   4.05351573E-04
         679   3.96324118E-04
         680   4.27861582E-04
         681   4.16247436E-04
         682   4.25209000E-04
         683   4.09150613E-04
         684   4.67508042E-04
         685   4.72437969E-04
         686   4.47490485E-04
         687   4.40216012E-04
         688   4.50898689E-04
         689   4.46722290E-04
         690   4.86335222E-04
         691   4.88909485E-04
         692   4.27108636E-04
         693   4.71039995E-04
         694   4.37738781E-04
         695   4.33006760E-04
         696   4.19632386E-04
         697   4.65412770E-04
         698   4.33480542E-04
         699   4.22376324E-04
         700   4.36951435E-04
         701   4.29962354E-04
         702   4.24024911E-04
         703   4.77085210E-04
         704   4.29457083E-04
         705   4.23345220E-04
         706   4.07318759E-04
         707   4.64390585E-04
         708   4.75051726E-04
         709   4.76199959E-04
         710   4.42105578E-04
         711   4.22212877E-04
         712   4.20270342E-04
         713   4.53225657E-04
         714   4.12095600E-04
         715   4.09519183E-04
         716   4.13111033E-04
         717   4.22153709E-04
         718   4.18924901E-04
         719   4.14079434E-04
         720   4.23978694E-04
         721   4.28712752E-04
         722   4.38338029E-04
         723   4.21827834E-04
         724   4.15969756E-04
         725   4.40665666E-04
         726   4.48691892E-04
         727   4.13122907E-04
         728   4.19470103E-04
         729   4.41962999E-04
         730   4.45573591E-04
         731   4.27977589E-04
         732   4.36725910E-04
         733   4.33551642E-04
         734   4.90968465E-04
         735   4.57682821E-04
         736   4.46275750E-04
         737   4.36819304E-04
         738   4.47367551E-04
         739   4.07711079E-04
         740   4.14127979E-04
         741   4.38911928E-04
         742   4.46928083E-04
         743   4.38953488E-04
         744   4.33251291E-04
         745   4.58736846E-04
         746   4.39427648E-04
         747   4.69936116E-04
         748   4.95617744E-04
         749   4.57876798E-04
         750   4.40498814E-04
         751   4.43372235E-04
         752   4.28687956E-04
         753   4.25526639E-04
         754   4.20490949E-04
         755   4.05182247E-04
         756   4.66499449E-04
         757   4.97376022E-04
         758   4.21851175E-04
         759   4.20375174E-04
         760   4.50420688E-04
         761   3.89186316E-04
         762   3.93059076E-04
         763   4.54819587E-04
         764   4.76305489E-04
         765   4.34827292E-04
         766   4.53352142E-04
         767   4.25659295E-04
         768   4.39342519E-04
         769   4.26254031E-04
         770   4.12561785E-04
         771   4.78850212E-04
         772   4.31789231E-04
         773   4.25468606E-04
         774   4.54011810E-04
         775   5.05358679E-04
         776   4.71730600E-04
         777   4.63671109E-04
         778   4.34856542E-04
         779   4.59934556E-04
         780   4.52948676E-04
         781   4.50720428E-04
         782   4.89243481E-04
         783   4.72353306E-04
         784   4.58538416E-04
         785   5.04380208E-04
         786   4.74115572E-04
         787   4.58617171E-04
         788   4.55698028E-04
         789   4.91150422E-04
         790   4.90267063E-04
         791   4.61031275E-04
         792   4.65270685E-04
         793   4.75153443E-04
         794   4.66750731E-04
         795   4.93105967E-04
         796   4.98941168E-04
         797   4.62113123E-04
         798   4.61040006E-04
         799   4.86580539E-04
         800   4.83628275E-04
         801   5.16999455E-04
         802   4.57783637E-04
         803   4.93782398E-04
         804   4.90908569E-04
         805   4.53080487E-04
         806   4.73028078E-04
         807   4.93865693E-04
         808   4.97939764E-04
         809   4.74926841E-04
         810   5.55215753E-04
         811   4.79291746E-04
         812   4.96373163E-04
         813   4.76011075E-04
         814   5.08974830E-04
         815   4.94122913E-04
         816   4.94882755E-04
         817   4.79095412E-04
         818   4.79887269E-04
         819   4.77241148E-04
         820   4.90506238E-04
         821   4.65057470E-04
         822   5.15015563E-04
         823   4.67211183E-04
         824   5.60991524E-04
         825   5.36975567E-04
         826   4.73107328E-04
         827   4.74174274E-04
         828   4.70439583E-04
         829   4.73208580E-04
         830   4.70838917E-04
         831   4.67943668E-04
         832   4.66052647E-04
         833   4.81698895E-04
         834   4.88179299E-04
         835   4.83344338E-04
         836   4.40702424E-04
         837   4.91265091E-04
         838   4.71801293E-04
         839   4.60129057E-04
         840   4.42767079E-04
         841   4.77047550E-04
         842   5.11323044E-04
         843   4.97382251E-04
         844   4.58546740E-04
         845   4.57554183E-04
         846   4.60627605E-04
         847   4.94505570E-04
         848   4.42471384E-04
         849   4.43230092E-04
         850   4.54360008E-04
         851   4.57194052E-04
         852   4.68164770E-04
         853   4.52061970E-04
         854   4.36766539E-04
         855   4.67844686E-04
         856   4.49533894E-04
         857   4.62531607E-04
         858   4.60383366E-04
         859   4.46596736E-04
         860   4.43954981E-04
         861   4.69274848E-04
         862   4.61575866E-04
         863   5.00955735E-04
         864   4.86665405E-04
         865   4.61641204E-04
         866   4.42187622E-04
         867   4.49782150E-04
         868   4.40372736E-04
         869   4.69459104E-04
         870   4.35937516E-04
         871   4.45610407E-04
         872   4.31990135E-04
         873   4.33436478E-04
         874   4.54708206E-04
         875   4.58260707E-04
         876   4.37132840E-04
         877   4.15211718E-04
         878   4.19824908E-04
         879   4.24649246E-04
         880   4.74440254E-04
         881   4.30705433E-04
         882   4.34348825E-04
         883   4.04050108E-04
         884   4.05905506E-04
         885   4.61054005E-04
         886   4.75889567E-04
         887   4.61943157E-04
         888   4.35054942E-04
         889   4.83519980E-04
         890   4.63846111E-04
         891   4.44379752E-04
         892   4.56240057E-04
         893   4.28978441E-04
         894   4.66210156E-04
         895   4.21622244E-04
         896   4.52530599E-04
         897   4.40249860E-04
         898   4.71297040E-04
         899   4.67528938E-04
         900   4.12160094E-04
         901   4.46366146E-04
         902   4.58951487E-04
         903   4.70957602E-04
         904   4.32977133E-04
         905   5.25146606E-04
         906   4.53485845E-04
         907   4.37435985E-04
         908   4.61722317E-04
         909   4.52703214E-04
         910   4.37226554E-04
         911   4.37137060E-04
         912   4.50530060E-04
         913   4.77001653E-04
         914   4.71915613E-04
         915   4.32917819E-04
         916   4.79829148E-04
         917   4.83860378E-04
         918   4.42712771E-04
         919   4.72865591E-04
         920   4.60948300E-04
         921   4.77641675E-04
         922   4.47294820E-04
         923   4.91908577E-04
         924   4.70753672E-04
         925   4.63547389E-04
         926   4.42497432E-04
         927   4.34405723E-04
         928   4.45551937E-04
         929   4.35092050E-04
         930   4.56836075E-04
         931   4.33870853E-04
         932   4.53063607E-04
         933   4.65247052E-04
         934   4.96159366E-04
         935   4.43295721E-04
         936   4.84720978E-04
         937   4.93205443E-04
         938   5.21869049E-04
         939   4.63585166E-04
         940   4.69363149E-04
         941   4.72799467E-04
         942   5.17212669E-04
         943   5.22729824E-04
         944   4.71686944E-04
         945   4.55350761E-04
         946   4.40219272E-04
         947   4.57961403E-04
         948   4.74240311E-04
         949   4.97347268E-04
         950   5.07224177E-04
         951   4.77105932E-04
         952   4.49325249E-04
         953   4.87165293E-04
         954   4.73830645E-04
         955   4.44098958E-04
         956   4.55320085E-04
         957   4.85889439E-04
         958   4.42025979E-04
         959   4.73901018E-04
         960   5.36201580E-04
         961   4.92806139E-04
         962   4.62325668E-04
         963   4.84075077E-04
         964   4.55947564E-04
         965   4.62444295E-04
         966   4.64513141E-04
         967   4.87487210E-04
         968   4.60453710E-04
         969   4.66605386E-04
         970   4.90774226E-04
         971   4.49117186E-04
         972   4.40489646E-04
         973   4.34936781E-04
         974   4.36950388E-04
         975   4.33593406E-04
         976   4.39734315E-04
         977   4.40506963E-04
         978   4.26646322E-04
         979   4.55185160E-04
         980   4.56380571E-04
         981   4.34540038E-04
         982   4.83656098E-04
         983   5.01407776E-04
         984   4.67625243E-04
         985   4.56578797E-04
         986   4.84121469E-04
         987   4.43732395E-04
         988   4.78433241E-04
         989   4.97585570E-04
         990   4.24915168E-04
         991   4.73990454E-04
         992   4.35188500E-04
         993   4.74722532E-04
         994   4.29957669E-04
         995   4.76089888E-04
         996   4.36412083E-04
         997   4.55387169E-04
         998   4.73051128E-04
         999   4.78666829E-04
        1000   4.57846734E-04
