           1   531.228638    
           2   412.545227    
           3   369.016174    
           4   341.444305    
           5   318.617920    
           6   298.199249    
           7   280.342224    
           8   263.928070    
           9   248.374283    
          10   233.603668    
          11   219.008133    
          12   204.994644    
          13   191.468918    
          14   178.376602    
          15   165.869431    
          16   154.084625    
          17   142.953384    
          18   132.652008    
          19   123.133751    
          20   114.291718    
          21   106.233337    
          22   99.0009842    
          23   92.6121368    
          24   86.9896240    
          25   82.0418930    
          26   77.7810516    
          27   74.1105423    
          28   71.0414200    
          29   68.4892883    
          30   66.4092560    
          31   64.6880798    
          32   58.9814453    
          33   57.6993523    
          34   54.7294769    
          35   50.8294258    
          36   45.6758499    
          37   39.8797760    
          38   36.7540703    
          39   33.3265686    
          40   30.8551006    
          41   28.1944733    
          42   26.1497021    
          43   23.9791489    
          44   22.1364555    
          45   20.3620663    
          46   18.7060413    
          47   17.0901642    
          48   15.6871061    
          49   14.3003893    
          50   13.0925055    
          51   11.9437056    
          52   10.8985205    
          53   9.94993782    
          54   9.10965252    
          55   8.40975285    
          56   7.82668161    
          57   7.35552788    
          58   6.97322845    
          59   6.68941307    
          60   6.49089432    
          61   6.32616806    
          62   8.15632248    
          63   6.18450022    
          64   4.99448776    
          65   4.04947567    
          66   3.40017390    
          67   2.92878199    
          68   2.54857779    
          69   2.23478937    
          70   1.97344446    
          71   1.72769344    
          72   1.48182440    
          73   1.30181158    
          74   1.16353691    
          75   1.03468859    
          76  0.929896474    
          77  0.836465597    
          78  0.758077979    
          79  0.680812418    
          80  0.618789136    
          81  0.559804320    
          82  0.509310901    
          83  0.460708976    
          84  0.417135030    
          85  0.378054678    
          86  0.340460092    
          87  0.308337659    
          88  0.278407753    
          89  0.252994269    
          90  0.231845781    
          91  0.215097651    
          92  0.202864796    
          93  0.179892570    
          94  0.178503215    
          95  0.142773330    
          96  0.128486782    
          97  0.116850421    
          98  0.105419345    
          99   9.63654742E-02
         100   8.74361545E-02
         101   8.05151686E-02
         102   7.37038702E-02
         103   6.80262074E-02
         104   6.33025989E-02
         105   5.90592772E-02
         106   5.39739169E-02
         107   4.86617312E-02
         108   4.49630730E-02
         109   4.17551026E-02
         110   3.88177373E-02
         111   3.65117341E-02
         112   3.39627378E-02
         113   3.13820168E-02
         114   2.90618557E-02
         115   2.67277770E-02
         116   2.45504361E-02
         117   2.22686846E-02
         118   2.00119391E-02
         119   1.77459177E-02
         120   1.56687461E-02
         121   1.39257275E-02
         122   1.29605075E-02
         123   1.48204733E-02
         124   1.25781735E-02
         125   1.10532790E-02
         126   1.00271972E-02
         127   8.78011342E-03
         128   7.89382216E-03
         129   7.10440008E-03
         130   6.40363107E-03
         131   5.75871486E-03
         132   5.31958370E-03
         133   4.85937577E-03
         134   4.46287310E-03
         135   4.09066724E-03
         136   3.78860231E-03
         137   3.51264211E-03
         138   3.22304573E-03
         139   3.02610663E-03
         140   2.82760337E-03
         141   2.61903391E-03
         142   2.37890123E-03
         143   2.22419528E-03
         144   2.09939713E-03
         145   1.93247118E-03
         146   1.79196510E-03
         147   1.71251607E-03
         148   1.59510120E-03
         149   1.48850027E-03
         150   1.37095584E-03
         151   1.28504226E-03
         152   1.16876932E-03
         153   1.09186873E-03
         154   1.00831373E-03
         155   9.91399167E-04
         156   9.03078588E-04
         157   8.22144619E-04
         158   7.95787317E-04
         159   7.10536435E-04
         160   6.90333836E-04
         161   6.59174868E-04
         162   6.35450706E-04
         163   6.00510510E-04
         164   5.77458239E-04
         165   5.36953274E-04
         166   4.96308785E-04
         167   4.81434545E-04
         168   4.71306004E-04
         169   4.53996618E-04
         170   4.32459317E-04
         171   4.13525588E-04
         172   4.24297526E-04
         173   3.97653610E-04
         174   3.91055830E-04
         175   3.88816872E-04
         176   3.73860239E-04
         177   3.50608520E-04
         178   3.64148960E-04
         179   3.23218846E-04
         180   3.32424068E-04
         181   3.30014591E-04
         182   3.16629361E-04
         183   3.10002943E-04
         184   2.94632046E-04
         185   3.23597691E-04
         186   3.09838681E-04
         187   2.91891803E-04
         188   2.87280942E-04
         189   2.74748483E-04
         190   2.98541796E-04
         191   2.94131605E-04
         192   2.85724673E-04
         193   2.93001474E-04
         194   2.80525128E-04
         195   2.69585289E-04
         196   2.91551551E-04
         197   3.04351124E-04
         198   2.81528977E-04
         199   2.73656682E-04
         200   2.59386987E-04
         201   2.77579005E-04
         202   2.64933100E-04
         203   2.75485247E-04
         204   3.05969035E-04
         205   2.63871741E-04
         206   2.69316719E-04
         207   2.48113298E-04
         208   2.64284550E-04
         209   2.70580407E-04
         210   2.61238631E-04
         211   2.46867188E-04
         212   2.36438966E-04
         213   2.53019796E-04
         214   2.63917755E-04
         215   2.90570140E-04
         216   2.72293284E-04
         217   2.94980302E-04
         218   2.65498413E-04
         219   2.63469614E-04
         220   2.75732251E-04
         221   2.79810018E-04
         222   2.78338004E-04
         223   2.65439332E-04
         224   2.63119844E-04
         225   2.53106584E-04
         226   2.70023127E-04
         227   2.66473711E-04
         228   2.77041516E-04
         229   2.51574238E-04
         230   2.56138854E-04
         231   2.58847023E-04
         232   2.76526000E-04
         233   2.80124950E-04
         234   2.79061642E-04
         235   2.70674995E-04
         236   2.45484000E-04
         237   2.44484254E-04
         238   2.56515137E-04
         239   2.65575538E-04
         240   2.66181451E-04
         241   2.69728218E-04
         242   2.71968165E-04
         243   2.60804489E-04
         244   2.70512770E-04
         245   2.72806967E-04
         246   2.77200859E-04
         247   2.47256918E-04
         248   2.55678111E-04
         249   2.49796169E-04
         250   2.76587991E-04
         251   2.57284351E-04
         252   2.63594789E-04
         253   2.48429598E-04
         254   2.45188101E-04
         255   2.53853621E-04
         256   2.50696321E-04
         257   2.92711222E-04
         258   2.65122420E-04
         259   2.90937081E-04
         260   2.58634944E-04
         261   2.39802859E-04
         262   2.75657163E-04
         263   2.69327982E-04
         264   2.42683731E-04
         265   2.46441836E-04
         266   2.71448196E-04
         267   2.86741997E-04
         268   2.65840732E-04
         269   2.93858902E-04
         270   2.89739255E-04
         271   2.72656180E-04
         272   2.68391450E-04
         273   2.52384576E-04
         274   2.53550446E-04
         275   2.68070260E-04
         276   2.59517896E-04
         277   2.54524668E-04
         278   2.95659644E-04
         279   2.60872388E-04
         280   2.55171093E-04
         281   2.53638311E-04
         282   2.71393976E-04
         283   2.63106369E-04
         284   2.37907298E-04
         285   2.64821254E-04
         286   2.44356837E-04
         287   2.77717045E-04
         288   2.54525628E-04
         289   2.65725306E-04
         290   2.72853125E-04
         291   2.75376893E-04
         292   2.74030346E-04
         293   2.56726198E-04
         294   2.76801293E-04
         295   2.73545767E-04
         296   2.54006154E-04
         297   2.52455327E-04
         298   2.65678857E-04
         299   2.82017310E-04
         300   2.75761762E-04
         301   2.53088772E-04
         302   2.73973012E-04
         303   2.60824454E-04
         304   2.53673876E-04
         305   2.45598814E-04
         306   2.58950749E-04
         307   2.80624750E-04
         308   2.67275347E-04
         309   2.70589604E-04
         310   2.52024562E-04
         311   2.58462765E-04
         312   2.64177041E-04
         313   2.43825882E-04
         314   2.52909696E-04
         315   2.58598971E-04
         316   2.60247296E-04
         317   2.49679870E-04
         318   2.49038916E-04
         319   2.76978215E-04
         320   2.69607961E-04
         321   2.53729435E-04
         322   2.41315865E-04
         323   2.91750999E-04
         324   2.46532174E-04
         325   2.27532757E-04
         326   2.62485148E-04
         327   2.61624868E-04
         328   2.72466394E-04
         329   2.81848072E-04
         330   2.86788971E-04
         331   2.65247101E-04
         332   2.54874234E-04
         333   2.61816400E-04
         334   2.66696559E-04
         335   2.71048921E-04
         336   2.81591521E-04
         337   2.77573912E-04
         338   2.63649214E-04
         339   2.72468897E-04
         340   2.84379610E-04
         341   2.86340452E-04
         342   3.09943454E-04
         343   2.65927432E-04
         344   2.81761691E-04
         345   2.81044835E-04
         346   2.87172094E-04
         347   2.79757776E-04
         348   2.60810048E-04
         349   2.70916818E-04
         350   2.65744806E-04
         351   2.58639309E-04
         352   2.64699600E-04
         353   3.14214587E-04
         354   3.22254462E-04
         355   2.77860468E-04
         356   2.65390467E-04
         357   2.67225172E-04
         358   2.49526929E-04
         359   2.84001959E-04
         360   2.67271273E-04
         361   3.00466898E-04
         362   2.53312610E-04
         363   2.63337977E-04
         364   2.70088640E-04
         365   2.55315186E-04
         366   2.79875298E-04
         367   3.16261518E-04
         368   2.85863382E-04
         369   2.90483236E-04
         370   2.68883072E-04
         371   2.77066109E-04
         372   2.67544005E-04
         373   3.04690766E-04
         374   2.86573078E-04
         375   2.77932675E-04
         376   2.65009323E-04
         377   2.89573800E-04
         378   2.90492782E-04
         379   2.76036852E-04
         380   2.62433285E-04
         381   2.83325295E-04
         382   2.45850737E-04
         383   2.77324318E-04
         384   2.57373846E-04
         385   2.38336404E-04
         386   2.71104247E-04
         387   2.51445599E-04
         388   2.60030094E-04
         389   2.49496079E-04
         390   2.60871602E-04
         391   2.65265582E-04
         392   2.39547284E-04
         393   2.80023232E-04
         394   2.42631999E-04
         395   2.75684724E-04
         396   2.63514259E-04
         397   2.48088530E-04
         398   2.63878319E-04
         399   2.68434436E-04
         400   2.66128685E-04
         401   2.79354455E-04
         402   2.65452429E-04
         403   2.61706737E-04
         404   2.66739953E-04
         405   2.66097515E-04
         406   2.67532130E-04
         407   2.62634974E-04
         408   2.64958100E-04
         409   2.71833385E-04
         410   2.60472618E-04
         411   2.56930711E-04
         412   2.76661158E-04
         413   2.67974654E-04
         414   2.59548833E-04
         415   2.59804743E-04
         416   2.62012298E-04
         417   2.75892642E-04
         418   2.46396143E-04
         419   2.56287720E-04
         420   2.65650306E-04
         421   2.48319586E-04
         422   2.57797947E-04
         423   2.43052724E-04
         424   2.65438808E-04
         425   2.72673002E-04
         426   2.53688282E-04
         427   2.52258411E-04
         428   2.96759477E-04
         429   2.36931504E-04
         430   2.68504256E-04
         431   2.41810485E-04
         432   2.49032280E-04
         433   2.60315894E-04
         434   2.86495691E-04
         435   2.68546341E-04
         436   2.83106521E-04
         437   2.41982227E-04
         438   2.73653015E-04
         439   2.54115614E-04
         440   2.46130337E-04
         441   2.86211900E-04
         442   2.65317212E-04
         443   2.50281068E-04
         444   2.47978576E-04
         445   2.53383187E-04
         446   2.78198568E-04
         447   2.75127531E-04
         448   2.60010565E-04
         449   2.79099186E-04
         450   2.69801181E-04
         451   2.88833864E-04
         452   2.68504344E-04
         453   2.56195781E-04
         454   2.62339890E-04
         455   2.51254591E-04
         456   2.56084575E-04
         457   2.72540376E-04
         458   2.59015535E-04
         459   2.57693318E-04
         460   2.74956081E-04
         461   2.54854618E-04
         462   2.59463617E-04
         463   2.61291018E-04
         464   2.92060926E-04
         465   2.74080288E-04
         466   2.75020197E-04
         467   2.72899051E-04
         468   2.58227839E-04
         469   2.94729311E-04
         470   3.05920694E-04
         471   2.82163528E-04
         472   2.72995210E-04
         473   2.62338464E-04
         474   2.71162688E-04
         475   2.49467237E-04
         476   2.71302793E-04
         477   3.20745923E-04
         478   2.91813631E-04
         479   2.70894234E-04
         480   2.97075836E-04
         481   2.93982652E-04
         482   2.78107967E-04
         483   2.82310968E-04
         484   2.51977617E-04
         485   2.57769047E-04
         486   2.68739299E-04
         487   2.60177505E-04
         488   2.68176285E-04
         489   2.63065536E-04
         490   2.29704965E-04
         491   3.08113580E-04
         492   2.54479033E-04
         493   2.41135305E-04
         494   2.46500451E-04
         495   2.75855564E-04
         496   2.64379400E-04
         497   2.68695469E-04
         498   2.62725080E-04
         499   2.69840704E-04
         500   2.50818819E-04
         501   2.68707634E-04
         502   2.54243962E-04
         503   2.77223298E-04
         504   2.75166531E-04
         505   2.94568541E-04
         506   2.54263112E-04
         507   2.71713390E-04
         508   2.77061597E-04
         509   2.58115877E-04
         510   2.54552520E-04
         511   2.24486692E-04
         512   2.68092728E-04
         513   2.77317915E-04
         514   2.47145188E-04
         515   2.80425127E-04
         516   2.72133766E-04
         517   2.63375696E-04
         518   2.80680484E-04
         519   2.98789877E-04
         520   2.51428777E-04
         521   2.85809598E-04
         522   2.56648258E-04
         523   2.50566693E-04
         524   2.57690990E-04
         525   2.72789359E-04
         526   2.62230024E-04
         527   2.58554588E-04
         528   2.51925114E-04
         529   2.50625861E-04
         530   2.57729233E-04
         531   2.71933357E-04
         532   2.58113403E-04
         533   2.49860313E-04
         534   2.41676113E-04
         535   2.64555536E-04
         536   2.46725453E-04
         537   2.77008134E-04
         538   2.34575622E-04
         539   2.56315834E-04
         540   2.39934176E-04
         541   2.54609011E-04
         542   2.74282211E-04
         543   2.80959124E-04
         544   2.71125464E-04
         545   2.63253576E-04
         546   2.56653555E-04
         547   2.58922577E-04
         548   2.45038769E-04
         549   2.61318201E-04
         550   2.52509781E-04
         551   2.54986342E-04
         552   2.55744497E-04
         553   2.29902289E-04
         554   2.59829481E-04
         555   2.44521158E-04
         556   2.58430111E-04
         557   2.48510507E-04
         558   2.50770885E-04
         559   2.50787969E-04
         560   2.38560431E-04
         561   2.74057995E-04
         562   2.58609158E-04
         563   2.57485168E-04
         564   2.65158335E-04
         565   2.71185854E-04
         566   2.51165999E-04
         567   2.75203347E-04
         568   2.92749726E-04
         569   2.74764199E-04
         570   2.96180515E-04
         571   2.69217446E-04
         572   2.51554273E-04
         573   2.52410769E-04
         574   2.76093342E-04
         575   2.70433811E-04
         576   2.53282255E-04
         577   2.46241543E-04
         578   2.62440502E-04
         579   2.55918916E-04
         580   3.12471995E-04
         581   2.59268418E-04
         582   2.82862253E-04
         583   2.42286100E-04
         584   2.94689991E-04
         585   2.87679723E-04
         586   2.80758337E-04
         587   2.90849566E-04
         588   2.68805248E-04
         589   2.79429718E-04
         590   2.78327585E-04
         591   2.63497321E-04
         592   2.68224278E-04
         593   2.93877005E-04
         594   2.73183687E-04
         595   2.69072334E-04
         596   2.55688268E-04
         597   2.78219813E-04
         598   2.73447775E-04
         599   2.88985029E-04
         600   2.49923702E-04
         601   2.59119319E-04
         602   2.51478836E-04
         603   2.85520189E-04
         604   2.69655109E-04
         605   2.85380142E-04
         606   2.69366603E-04
         607   2.78845924E-04
         608   2.68571457E-04
         609   2.73496058E-04
         610   2.67076481E-04
         611   2.78119551E-04
         612   2.53058475E-04
         613   2.80516571E-04
         614   2.85695714E-04
         615   2.55372579E-04
         616   2.89337535E-04
         617   2.90314434E-04
         618   2.73396145E-04
         619   2.68222968E-04
         620   2.89139047E-04
         621   2.94489728E-04
         622   2.64782197E-04
         623   3.07791342E-04
         624   2.79920496E-04
         625   2.55266699E-04
         626   2.47736840E-04
         627   2.49830016E-04
         628   2.80906039E-04
         629   2.88013573E-04
         630   2.54498736E-04
         631   2.50117620E-04
         632   2.67618510E-04
         633   2.69915938E-04
         634   2.76508741E-04
         635   2.64955830E-04
         636   2.46617274E-04
         637   2.70530727E-04
         638   2.70871649E-04
         639   2.76505511E-04
         640   2.84051144E-04
         641   2.84854468E-04
         642   2.81140005E-04
         643   2.73678947E-04
         644   2.83045083E-04
         645   2.73973448E-04
         646   2.72138801E-04
         647   2.84638343E-04
         648   2.73564481E-04
         649   2.80081469E-04
         650   2.87907053E-04
         651   2.83775240E-04
         652   2.80485721E-04
         653   3.09258263E-04
         654   2.60688044E-04
         655   2.45856849E-04
         656   2.68662669E-04
         657   2.77936138E-04
         658   2.78951105E-04
         659   2.56174739E-04
         660   2.54922139E-04
         661   2.86819763E-04
         662   2.79849803E-04
         663   2.60405126E-04
         664   2.77139101E-04
         665   2.79276777E-04
         666   2.75094819E-04
         667   2.67928030E-04
         668   2.59877415E-04
         669   2.67692580E-04
         670   2.90985248E-04
         671   2.71013094E-04
         672   2.94636789E-04
         673   2.95143313E-04
         674   2.49238801E-04
         675   2.58158485E-04
         676   2.57138716E-04
         677   2.85420509E-04
         678   2.81041343E-04
         679   2.85439019E-04
         680   2.93269142E-04
         681   2.94231111E-04
         682   2.74460646E-04
         683   2.56115338E-04
         684   2.57038482E-04
         685   2.63540947E-04
         686   2.79219355E-04
         687   2.84707581E-04
         688   2.75943225E-04
         689   2.75505387E-04
         690   2.86190538E-04
         691   2.97225226E-04
         692   3.12404038E-04
         693   2.98643223E-04
         694   2.74889782E-04
         695   2.56116618E-04
         696   2.59209250E-04
         697   2.72425590E-04
         698   2.63033900E-04
         699   2.68446485E-04
         700   2.76349165E-04
         701   2.53430189E-04
         702   2.71117198E-04
         703   2.53708014E-04
         704   2.56514380E-04
         705   2.97406077E-04
         706   2.57233274E-04
         707   2.48988013E-04
         708   2.69943412E-04
         709   2.78048974E-04
         710   2.61554320E-04
         711   2.79332569E-04
         712   2.70917371E-04
         713   2.92231620E-04
         714   3.16723832E-04
         715   3.03359877E-04
         716   2.78954016E-04
         717   2.62555724E-04
         718   2.61046953E-04
         719   2.72982143E-04
         720   2.69382726E-04
         721   2.79442291E-04
         722   2.83906847E-04
         723   3.06168251E-04
         724   2.66916788E-04
         725   2.76634761E-04
         726   2.52304453E-04
         727   2.58573855E-04
         728   2.48783472E-04
         729   2.66417512E-04
         730   2.63132417E-04
         731   2.51891906E-04
         732   2.43877352E-04
         733   2.64051050E-04
         734   2.69528246E-04
         735   2.46759213E-04
         736   2.54877290E-04
         737   2.48170923E-04
         738   2.53404607E-04
         739   2.46514915E-04
         740   2.65713228E-04
         741   2.41878239E-04
         742   2.62782909E-04
         743   2.58581742E-04
         744   2.66588904E-04
         745   2.50531739E-04
         746   2.63676688E-04
         747   2.61011766E-04
         748   2.57692096E-04
         749   2.51733698E-04
         750   2.55265244E-04
         751   2.47837539E-04
         752   2.74722348E-04
         753   2.64952570E-04
         754   2.61971407E-04
         755   2.40100038E-04
         756   2.62801128E-04
         757   2.67324678E-04
         758   2.58927175E-04
         759   2.37671295E-04
         760   2.48262280E-04
         761   2.68281903E-04
         762   2.64367613E-04
         763   2.53959210E-04
         764   2.51994759E-04
         765   2.52921454E-04
         766   2.42024427E-04
         767   2.43997201E-04
         768   2.60181318E-04
         769   2.52886210E-04
         770   2.43762333E-04
         771   2.52345111E-04
         772   2.94997735E-04
         773   2.90001743E-04
         774   2.59837951E-04
         775   2.68932781E-04
         776   2.56684318E-04
         777   2.55937775E-04
         778   2.43606177E-04
         779   2.57642590E-04
         780   2.53935053E-04
         781   2.46239360E-04
         782   2.48313445E-04
         783   2.46859010E-04
         784   2.61563226E-04
         785   3.03104229E-04
         786   2.38310211E-04
         787   2.64092523E-04
         788   2.47872522E-04
         789   2.51819729E-04
         790   2.51322374E-04
         791   2.62170564E-04
         792   2.58229324E-04
         793   2.54118670E-04
         794   2.44834198E-04
         795   2.43055722E-04
         796   2.74484191E-04
         797   2.86307739E-04
         798   2.58173823E-04
         799   2.38502020E-04
         800   2.38850698E-04
         801   2.75846745E-04
         802   2.51338934E-04
         803   2.40057576E-04
         804   2.50073150E-04
         805   2.62985559E-04
         806   2.49312201E-04
         807   2.97450315E-04
         808   2.56886327E-04
         809   2.55798455E-04
         810   2.63026042E-04
         811   2.81975837E-04
         812   2.47901073E-04
         813   2.66086950E-04
         814   2.70741846E-04
         815   2.61641515E-04
         816   2.87876552E-04
         817   2.51777703E-04
         818   2.72278005E-04
         819   2.81005778E-04
         820   2.58785760E-04
         821   2.71749508E-04
         822   2.64575414E-04
         823   2.59160093E-04
         824   2.65355280E-04
         825   2.56945554E-04
         826   2.69422744E-04
         827   3.01317283E-04
         828   2.56604748E-04
         829   2.47212709E-04
         830   2.75808939E-04
         831   2.58769258E-04
         832   2.52754340E-04
         833   2.44826369E-04
         834   2.42061113E-04
         835   2.66855641E-04
         836   2.65434326E-04
         837   2.51387741E-04
         838   2.94182624E-04
         839   2.74480728E-04
         840   2.53689213E-04
         841   2.64919305E-04
         842   2.88855721E-04
         843   2.56952044E-04
         844   2.55773339E-04
         845   2.66867486E-04
         846   2.52698170E-04
         847   2.67390540E-04
         848   2.70268123E-04
         849   2.93208403E-04
         850   2.69619661E-04
         851   2.61815352E-04
         852   2.79587199E-04
         853   2.63251161E-04
         854   2.42941809E-04
         855   2.43278642E-04
         856   2.43981805E-04
         857   2.62002199E-04
         858   2.65997107E-04
         859   2.79953092E-04
         860   2.67263502E-04
         861   2.57887237E-04
         862   2.82853347E-04
         863   2.83308967E-04
         864   2.54441344E-04
         865   2.55267310E-04
         866   2.47520424E-04
         867   2.72196688E-04
         868   2.86015507E-04
         869   2.58536282E-04
         870   2.72416975E-04
         871   2.75283295E-04
         872   2.75340775E-04
         873   2.59738037E-04
         874   2.81528948E-04
         875   2.81531771E-04
         876   2.70756107E-04
         877   3.01932421E-04
         878   2.84841110E-04
         879   2.75592291E-04
         880   2.43007322E-04
         881   2.83945206E-04
         882   2.62056739E-04
         883   3.11197451E-04
         884   2.72251433E-04
         885   2.76096456E-04
         886   2.83556321E-04
         887   2.76272302E-04
         888   2.80600332E-04
         889   2.84551294E-04
         890   2.54878774E-04
         891   2.60046945E-04
         892   2.70585297E-04
         893   2.91920704E-04
         894   2.88017181E-04
         895   2.51837075E-04
         896   2.73166545E-04
         897   2.76981533E-04
         898   2.62017129E-04
         899   2.84088048E-04
         900   2.79672531E-04
         901   2.77953368E-04
         902   2.63960683E-04
         903   2.77199113E-04
         904   2.83209229E-04
         905   2.65054143E-04
         906   2.68232136E-04
         907   2.92289478E-04
         908   2.80312583E-04
         909   2.93270772E-04
         910   2.91664037E-04
         911   2.54371727E-04
         912   2.61604378E-04
         913   2.53058504E-04
         914   2.49698409E-04
         915   2.64393660E-04
         916   2.66653078E-04
         917   2.47115619E-04
         918   2.72828009E-04
         919   2.63657072E-04
         920   2.50479206E-04
         921   2.74582184E-04
         922   2.94235535E-04
         923   2.87561648E-04
         924   2.68267671E-04
         925   2.93554302E-04
         926   2.67895259E-04
         927   2.78090272E-04
         928   2.82957568E-04
         929   2.58659362E-04
         930   2.57489388E-04
         931   2.69552314E-04
         932   2.81731103E-04
         933   2.89771153E-04
         934   2.62966263E-04
         935   2.85108719E-04
         936   2.61550740E-04
         937   2.84577021E-04
         938   2.94248137E-04
         939   2.57437117E-04
         940   2.65292503E-04
         941   2.81358662E-04
         942   2.82812543E-04
         943   2.46928277E-04
         944   2.71788536E-04
         945   2.74885970E-04
         946   2.69393699E-04
         947   2.74334452E-04
         948   2.51428341E-04
         949   2.81063665E-04
         950   2.79555534E-04
         951   2.56410189E-04
         952   2.68713164E-04
         953   2.72772944E-04
         954   2.59089429E-04
         955   2.64286849E-04
         956   2.57135544E-04
         957   2.55941763E-04
         958   2.63410358E-04
         959   2.59909662E-04
         960   2.71652534E-04
         961   2.47193268E-04
         962   2.57602253E-04
         963   2.44119306E-04
         964   2.81996239E-04
         965   2.69930082E-04
         966   2.73125304E-04
         967   2.59092980E-04
         968   2.66333373E-04
         969   2.52603641E-04
         970   2.52780766E-04
         971   2.64129165E-04
         972   2.63340538E-04
         973   2.56146101E-04
         974   2.63334659E-04
         975   2.47118645E-04
         976   2.44722352E-04
         977   2.61684385E-04
         978   2.61149136E-04
         979   2.73520505E-04
         980   2.67703756E-04
         981   2.98068160E-04
         982   2.67486612E-04
         983   2.44163093E-04
         984   2.59478169E-04
         985   2.51705962E-04
         986   2.75314989E-04
         987   2.50542565E-04
         988   2.47276941E-04
         989   2.65822106E-04
         990   2.60495086E-04
         991   2.73494516E-04
         992   2.78164662E-04
         993   2.61433190E-04
         994   2.71956116E-04
         995   2.47888878E-04
         996   2.69650714E-04
         997   2.65987241E-04
         998   2.54906627E-04
         999   2.69052893E-04
        1000   2.46258860E-04
